geoid_o,geoid_d,lng_o,lat_o,lng_d,lat_d,date,visitor_flows,pop_flows
01,01,-86.8445209956579,32.75687994183124,-86.8445209956579,32.75687994183124,2019-07-02,918777,10997718.0
01,02,-86.8445209956579,32.75687994183124,-151.59342192189865,63.742989015090714,2019-07-02,220,2633.0
01,04,-86.8445209956579,32.75687994183124,-111.6644603390921,34.29309519459149,2019-07-02,459,5494.0
01,05,-86.8445209956579,32.75687994183124,-92.43923686174863,34.8997724175194,2019-07-02,680,8139.0
01,06,-86.8445209956579,32.75687994183124,-119.6638458867405,37.21530826027419,2019-07-02,1548,18529.0
01,08,-86.8445209956579,32.75687994183124,-105.5478211203382,38.99853159698931,2019-07-02,1190,14244.0
01,09,-86.8445209956579,32.75687994183124,-72.73825767764087,41.575164149895755,2019-07-02,122,1460.0
01,10,-86.8445209956579,32.75687994183124,-75.45249262811352,38.99497528640457,2019-07-02,61,730.0
01,11,-86.8445209956579,32.75687994183124,-77.0162909035438,38.90477388790585,2019-07-02,201,2405.0
01,12,-86.8445209956579,32.75687994183124,-82.46641838867941,28.477058414990193,2019-07-02,24142,288978.0
01,13,-86.8445209956579,32.75687994183124,-83.42714021377525,32.63861711465618,2019-07-02,19972,239063.0
01,15,-86.8445209956579,32.75687994183124,-158.1099738068461,20.995111199008356,2019-07-02,365,4369.0
01,16,-86.8445209956579,32.75687994183124,-114.6594139607683,44.389055086057056,2019-07-02,178,2130.0
01,17,-86.8445209956579,32.75687994183124,-89.14863899339443,40.124200826969364,2019-07-02,1261,15094.0
01,18,-86.8445209956579,32.75687994183124,-86.28183838774677,39.919869617318085,2019-07-02,850,10174.0
01,19,-86.8445209956579,32.75687994183124,-93.50009011569544,42.07464832674591,2019-07-02,234,2800.0
01,20,-86.8445209956579,32.75687994183124,-98.38015540415404,38.484727072453566,2019-07-02,1360,16279.0
01,21,-86.8445209956579,32.75687994183124,-85.29055223275348,37.5266141736611,2019-07-02,1070,12807.0
01,22,-86.8445209956579,32.75687994183124,-91.81423318426776,30.909072897746587,2019-07-02,2310,27650.0
01,23,-86.8445209956579,32.75687994183124,-69.20275986278288,45.27432853102379,2019-07-02,146,1747.0
01,24,-86.8445209956579,32.75687994183124,-76.68717734070172,38.94649396258224,2019-07-02,397,4752.0
01,25,-86.8445209956579,32.75687994183124,-71.503972041848,42.16009326868467,2019-07-02,416,4979.0
01,26,-86.8445209956579,32.75687994183124,-85.73095291151436,44.874773603554175,2019-07-02,868,10389.0
01,27,-86.8445209956579,32.75687994183124,-94.19830560457335,46.3491103788664,2019-07-02,195,2334.0
01,28,-86.8445209956579,32.75687994183124,-89.6533594096457,32.712892273261986,2019-07-02,6934,82999.0
01,29,-86.8445209956579,32.75687994183124,-92.4774251950813,38.3676304410753,2019-07-02,1053,12604.0
01,30,-86.8445209956579,32.75687994183124,-109.64520698796639,47.03342111039991,2019-07-02,264,3160.0
01,31,-86.8445209956579,32.75687994183124,-99.81085586033895,41.527151125231704,2019-07-02,112,1340.0
01,32,-86.8445209956579,32.75687994183124,-116.65524866805762,39.356185873030874,2019-07-02,393,4704.0
01,33,-86.8445209956579,32.75687994183124,-71.57124316745634,43.6802370603039,2019-07-02,44,526.0
01,34,-86.8445209956579,32.75687994183124,-74.65561230865505,40.11017985292258,2019-07-02,394,4716.0
01,35,-86.8445209956579,32.75687994183124,-106.1084438818861,34.42130099474041,2019-07-02,276,3303.0
01,36,-86.8445209956579,32.75687994183124,-75.59654322164518,42.92123354806042,2019-07-02,1509,18062.0
01,37,-86.8445209956579,32.75687994183124,-79.13090891837648,35.52603039243236,2019-07-02,1985,23760.0
01,38,-86.8445209956579,32.75687994183124,-100.4693907950372,47.446310421753914,2019-07-02,102,1220.0
01,39,-86.8445209956579,32.75687994183124,-82.70937700691621,40.415486910016135,2019-07-02,1159,13873.0
01,40,-86.8445209956579,32.75687994183124,-97.50822793037422,35.583464652524235,2019-07-02,479,5733.0
01,41,-86.8445209956579,32.75687994183124,-120.60525631019901,43.94045138675371,2019-07-02,162,1939.0
01,42,-86.8445209956579,32.75687994183124,-77.83893800628347,40.896700506452106,2019-07-02,780,9336.0
01,44,-86.8445209956579,32.75687994183124,-71.52472355562169,41.59463889844585,2019-07-02,39,466.0
01,45,-86.8445209956579,32.75687994183124,-80.86459715523999,33.87785606967731,2019-07-02,1942,23245.0
01,46,-86.8445209956579,32.75687994183124,-100.23046550270404,44.43613758926095,2019-07-02,134,1603.0
01,47,-86.8445209956579,32.75687994183124,-86.34341233023729,35.84298014361061,2019-07-02,8525,102043.0
01,48,-86.8445209956579,32.75687994183124,-99.31712096957119,31.447212191842507,2019-07-02,3166,37896.0
01,49,-86.8445209956579,32.75687994183124,-111.67824995489637,39.32376871301901,2019-07-02,252,3016.0
01,50,-86.8445209956579,32.75687994183124,-72.66263037415419,44.075248233178044,2019-07-02,24,287.0
01,51,-86.8445209956579,32.75687994183124,-78.66634949421768,37.510873096830124,2019-07-02,1280,15321.0
01,53,-86.8445209956579,32.75687994183124,-120.59289987466929,47.41163921872467,2019-07-02,372,4452.0
01,54,-86.8445209956579,32.75687994183124,-80.61370689717069,38.64256709677395,2019-07-02,160,1915.0
01,55,-86.8445209956579,32.75687994183124,-89.73293305821664,44.63994410730462,2019-07-02,295,3531.0
01,56,-86.8445209956579,32.75687994183124,-107.55139421018254,42.9995374625361,2019-07-02,252,3016.0
01,72,-86.8445209956579,32.75687994183124,-66.41466678397286,18.21569833731172,2019-07-02,8,95.0
02,01,-151.59342192189865,63.742989015090714,-86.8445209956579,32.75687994183124,2019-07-02,16,345.0
02,02,-151.59342192189865,63.742989015090714,-151.59342192189865,63.742989015090714,2019-07-02,61835,1333941.0
02,04,-151.59342192189865,63.742989015090714,-111.6644603390921,34.29309519459149,2019-07-02,99,2135.0
02,05,-151.59342192189865,63.742989015090714,-92.43923686174863,34.8997724175194,2019-07-02,16,345.0
02,06,-151.59342192189865,63.742989015090714,-119.6638458867405,37.21530826027419,2019-07-02,403,8693.0
02,08,-151.59342192189865,63.742989015090714,-105.5478211203382,38.99853159698931,2019-07-02,173,3732.0
02,09,-151.59342192189865,63.742989015090714,-72.73825767764087,41.575164149895755,2019-07-02,12,258.0
02,10,-151.59342192189865,63.742989015090714,-75.45249262811352,38.99497528640457,2019-07-02,2,43.0
02,11,-151.59342192189865,63.742989015090714,-77.0162909035438,38.90477388790585,2019-07-02,9,194.0
02,12,-151.59342192189865,63.742989015090714,-82.46641838867941,28.477058414990193,2019-07-02,159,3430.0
02,13,-151.59342192189865,63.742989015090714,-83.42714021377525,32.63861711465618,2019-07-02,60,1294.0
02,15,-151.59342192189865,63.742989015090714,-158.1099738068461,20.995111199008356,2019-07-02,98,2114.0
02,16,-151.59342192189865,63.742989015090714,-114.6594139607683,44.389055086057056,2019-07-02,114,2459.0
02,17,-151.59342192189865,63.742989015090714,-89.14863899339443,40.124200826969364,2019-07-02,103,2221.0
02,18,-151.59342192189865,63.742989015090714,-86.28183838774677,39.919869617318085,2019-07-02,16,345.0
02,19,-151.59342192189865,63.742989015090714,-93.50009011569544,42.07464832674591,2019-07-02,24,517.0
02,20,-151.59342192189865,63.742989015090714,-98.38015540415404,38.484727072453566,2019-07-02,60,1294.0
02,21,-151.59342192189865,63.742989015090714,-85.29055223275348,37.5266141736611,2019-07-02,35,755.0
02,22,-151.59342192189865,63.742989015090714,-91.81423318426776,30.909072897746587,2019-07-02,18,388.0
02,23,-151.59342192189865,63.742989015090714,-69.20275986278288,45.27432853102379,2019-07-02,20,431.0
02,24,-151.59342192189865,63.742989015090714,-76.68717734070172,38.94649396258224,2019-07-02,15,323.0
02,25,-151.59342192189865,63.742989015090714,-71.503972041848,42.16009326868467,2019-07-02,22,474.0
02,26,-151.59342192189865,63.742989015090714,-85.73095291151436,44.874773603554175,2019-07-02,58,1251.0
02,27,-151.59342192189865,63.742989015090714,-94.19830560457335,46.3491103788664,2019-07-02,94,2027.0
02,28,-151.59342192189865,63.742989015090714,-89.6533594096457,32.712892273261986,2019-07-02,16,345.0
02,29,-151.59342192189865,63.742989015090714,-92.4774251950813,38.3676304410753,2019-07-02,42,906.0
02,30,-151.59342192189865,63.742989015090714,-109.64520698796639,47.03342111039991,2019-07-02,107,2308.0
02,31,-151.59342192189865,63.742989015090714,-99.81085586033895,41.527151125231704,2019-07-02,21,453.0
02,32,-151.59342192189865,63.742989015090714,-116.65524866805762,39.356185873030874,2019-07-02,153,3300.0
02,33,-151.59342192189865,63.742989015090714,-71.57124316745634,43.6802370603039,2019-07-02,1,21.0
02,34,-151.59342192189865,63.742989015090714,-74.65561230865505,40.11017985292258,2019-07-02,21,453.0
02,35,-151.59342192189865,63.742989015090714,-106.1084438818861,34.42130099474041,2019-07-02,15,323.0
02,36,-151.59342192189865,63.742989015090714,-75.59654322164518,42.92123354806042,2019-07-02,68,1466.0
02,37,-151.59342192189865,63.742989015090714,-79.13090891837648,35.52603039243236,2019-07-02,56,1208.0
02,38,-151.59342192189865,63.742989015090714,-100.4693907950372,47.446310421753914,2019-07-02,30,647.0
02,39,-151.59342192189865,63.742989015090714,-82.70937700691621,40.415486910016135,2019-07-02,38,819.0
02,40,-151.59342192189865,63.742989015090714,-97.50822793037422,35.583464652524235,2019-07-02,50,1078.0
02,41,-151.59342192189865,63.742989015090714,-120.60525631019901,43.94045138675371,2019-07-02,325,7011.0
02,42,-151.59342192189865,63.742989015090714,-77.83893800628347,40.896700506452106,2019-07-02,34,733.0
02,44,-151.59342192189865,63.742989015090714,-71.52472355562169,41.59463889844585,2019-07-02,3,64.0
02,45,-151.59342192189865,63.742989015090714,-80.86459715523999,33.87785606967731,2019-07-02,19,409.0
02,46,-151.59342192189865,63.742989015090714,-100.23046550270404,44.43613758926095,2019-07-02,31,668.0
02,47,-151.59342192189865,63.742989015090714,-86.34341233023729,35.84298014361061,2019-07-02,60,1294.0
02,48,-151.59342192189865,63.742989015090714,-99.31712096957119,31.447212191842507,2019-07-02,229,4940.0
02,49,-151.59342192189865,63.742989015090714,-111.67824995489637,39.32376871301901,2019-07-02,111,2394.0
02,50,-151.59342192189865,63.742989015090714,-72.66263037415419,44.075248233178044,2019-07-02,11,237.0
02,51,-151.59342192189865,63.742989015090714,-78.66634949421768,37.510873096830124,2019-07-02,44,949.0
02,53,-151.59342192189865,63.742989015090714,-120.59289987466929,47.41163921872467,2019-07-02,971,20946.0
02,54,-151.59342192189865,63.742989015090714,-80.61370689717069,38.64256709677395,2019-07-02,12,258.0
02,55,-151.59342192189865,63.742989015090714,-89.73293305821664,44.63994410730462,2019-07-02,124,2675.0
02,56,-151.59342192189865,63.742989015090714,-107.55139421018254,42.9995374625361,2019-07-02,39,841.0
02,72,-151.59342192189865,63.742989015090714,-66.41466678397286,18.21569833731172,2019-07-02,5,107.0
04,01,-111.6644603390921,34.29309519459149,-86.8445209956579,32.75687994183124,2019-07-02,191,3362.0
04,02,-111.6644603390921,34.29309519459149,-151.59342192189865,63.742989015090714,2019-07-02,352,6197.0
04,04,-111.6644603390921,34.29309519459149,-111.6644603390921,34.29309519459149,2019-07-02,767975,13521860.0
04,05,-111.6644603390921,34.29309519459149,-92.43923686174863,34.8997724175194,2019-07-02,265,4665.0
04,06,-111.6644603390921,34.29309519459149,-119.6638458867405,37.21530826027419,2019-07-02,23049,405827.0
04,08,-111.6644603390921,34.29309519459149,-105.5478211203382,38.99853159698931,2019-07-02,4132,72752.0
04,09,-111.6644603390921,34.29309519459149,-72.73825767764087,41.575164149895755,2019-07-02,160,2817.0
04,10,-111.6644603390921,34.29309519459149,-75.45249262811352,38.99497528640457,2019-07-02,46,809.0
04,11,-111.6644603390921,34.29309519459149,-77.0162909035438,38.90477388790585,2019-07-02,155,2729.0
04,12,-111.6644603390921,34.29309519459149,-82.46641838867941,28.477058414990193,2019-07-02,1425,25090.0
04,13,-111.6644603390921,34.29309519459149,-83.42714021377525,32.63861711465618,2019-07-02,590,10388.0
04,15,-111.6644603390921,34.29309519459149,-158.1099738068461,20.995111199008356,2019-07-02,1151,20265.0
04,16,-111.6644603390921,34.29309519459149,-114.6594139607683,44.389055086057056,2019-07-02,1152,20283.0
04,17,-111.6644603390921,34.29309519459149,-89.14863899339443,40.124200826969364,2019-07-02,2147,37802.0
04,18,-111.6644603390921,34.29309519459149,-86.28183838774677,39.919869617318085,2019-07-02,864,15212.0
04,19,-111.6644603390921,34.29309519459149,-93.50009011569544,42.07464832674591,2019-07-02,658,11585.0
04,20,-111.6644603390921,34.29309519459149,-98.38015540415404,38.484727072453566,2019-07-02,1003,17659.0
04,21,-111.6644603390921,34.29309519459149,-85.29055223275348,37.5266141736611,2019-07-02,259,4560.0
04,22,-111.6644603390921,34.29309519459149,-91.81423318426776,30.909072897746587,2019-07-02,417,7342.0
04,23,-111.6644603390921,34.29309519459149,-69.20275986278288,45.27432853102379,2019-07-02,165,2905.0
04,24,-111.6644603390921,34.29309519459149,-76.68717734070172,38.94649396258224,2019-07-02,288,5070.0
04,25,-111.6644603390921,34.29309519459149,-71.503972041848,42.16009326868467,2019-07-02,598,10529.0
04,26,-111.6644603390921,34.29309519459149,-85.73095291151436,44.874773603554175,2019-07-02,1149,20230.0
04,27,-111.6644603390921,34.29309519459149,-94.19830560457335,46.3491103788664,2019-07-02,1047,18434.0
04,28,-111.6644603390921,34.29309519459149,-89.6533594096457,32.712892273261986,2019-07-02,131,2306.0
04,29,-111.6644603390921,34.29309519459149,-92.4774251950813,38.3676304410753,2019-07-02,984,17325.0
04,30,-111.6644603390921,34.29309519459149,-109.64520698796639,47.03342111039991,2019-07-02,687,12096.0
04,31,-111.6644603390921,34.29309519459149,-99.81085586033895,41.527151125231704,2019-07-02,354,6232.0
04,32,-111.6644603390921,34.29309519459149,-116.65524866805762,39.356185873030874,2019-07-02,3897,68615.0
04,33,-111.6644603390921,34.29309519459149,-71.57124316745634,43.6802370603039,2019-07-02,82,1443.0
04,34,-111.6644603390921,34.29309519459149,-74.65561230865505,40.11017985292258,2019-07-02,604,10634.0
04,35,-111.6644603390921,34.29309519459149,-106.1084438818861,34.42130099474041,2019-07-02,2445,43049.0
04,36,-111.6644603390921,34.29309519459149,-75.59654322164518,42.92123354806042,2019-07-02,1765,31076.0
04,37,-111.6644603390921,34.29309519459149,-79.13090891837648,35.52603039243236,2019-07-02,524,9226.0
04,38,-111.6644603390921,34.29309519459149,-100.4693907950372,47.446310421753914,2019-07-02,302,5317.0
04,39,-111.6644603390921,34.29309519459149,-82.70937700691621,40.415486910016135,2019-07-02,848,14930.0
04,40,-111.6644603390921,34.29309519459149,-97.50822793037422,35.583464652524235,2019-07-02,710,12501.0
04,41,-111.6644603390921,34.29309519459149,-120.60525631019901,43.94045138675371,2019-07-02,1629,28682.0
04,42,-111.6644603390921,34.29309519459149,-77.83893800628347,40.896700506452106,2019-07-02,697,12272.0
04,44,-111.6644603390921,34.29309519459149,-71.52472355562169,41.59463889844585,2019-07-02,66,1162.0
04,45,-111.6644603390921,34.29309519459149,-80.86459715523999,33.87785606967731,2019-07-02,271,4771.0
04,46,-111.6644603390921,34.29309519459149,-100.23046550270404,44.43613758926095,2019-07-02,443,7799.0
04,47,-111.6644603390921,34.29309519459149,-86.34341233023729,35.84298014361061,2019-07-02,598,10529.0
04,48,-111.6644603390921,34.29309519459149,-99.31712096957119,31.447212191842507,2019-07-02,3876,68245.0
04,49,-111.6644603390921,34.29309519459149,-111.67824995489637,39.32376871301901,2019-07-02,3161,55656.0
04,50,-111.6644603390921,34.29309519459149,-72.66263037415419,44.075248233178044,2019-07-02,53,933.0
04,51,-111.6644603390921,34.29309519459149,-78.66634949421768,37.510873096830124,2019-07-02,485,8539.0
04,53,-111.6644603390921,34.29309519459149,-120.59289987466929,47.41163921872467,2019-07-02,2137,37626.0
04,54,-111.6644603390921,34.29309519459149,-80.61370689717069,38.64256709677395,2019-07-02,64,1126.0
04,55,-111.6644603390921,34.29309519459149,-89.73293305821664,44.63994410730462,2019-07-02,982,17290.0
04,56,-111.6644603390921,34.29309519459149,-107.55139421018254,42.9995374625361,2019-07-02,395,6954.0
04,72,-111.6644603390921,34.29309519459149,-66.41466678397286,18.21569833731172,2019-07-02,32,563.0
05,01,-92.43923686174863,34.8997724175194,-86.8445209956579,32.75687994183124,2019-07-02,2867,36305.0
05,02,-92.43923686174863,34.8997724175194,-151.59342192189865,63.742989015090714,2019-07-02,103,1304.0
05,04,-92.43923686174863,34.8997724175194,-111.6644603390921,34.29309519459149,2019-07-02,390,4938.0
05,05,-92.43923686174863,34.8997724175194,-92.43923686174863,34.8997724175194,2019-07-02,503040,6370183.0
05,06,-92.43923686174863,34.8997724175194,-119.6638458867405,37.21530826027419,2019-07-02,1504,19045.0
05,08,-92.43923686174863,34.8997724175194,-105.5478211203382,38.99853159698931,2019-07-02,1446,18311.0
05,09,-92.43923686174863,34.8997724175194,-72.73825767764087,41.575164149895755,2019-07-02,46,582.0
05,10,-92.43923686174863,34.8997724175194,-75.45249262811352,38.99497528640457,2019-07-02,29,367.0
05,11,-92.43923686174863,34.8997724175194,-77.0162909035438,38.90477388790585,2019-07-02,140,1772.0
05,12,-92.43923686174863,34.8997724175194,-82.46641838867941,28.477058414990193,2019-07-02,6333,80197.0
05,13,-92.43923686174863,34.8997724175194,-83.42714021377525,32.63861711465618,2019-07-02,1761,22300.0
05,15,-92.43923686174863,34.8997724175194,-158.1099738068461,20.995111199008356,2019-07-02,231,2925.0
05,16,-92.43923686174863,34.8997724175194,-114.6594139607683,44.389055086057056,2019-07-02,90,1139.0
05,17,-92.43923686174863,34.8997724175194,-89.14863899339443,40.124200826969364,2019-07-02,1074,13600.0
05,18,-92.43923686174863,34.8997724175194,-86.28183838774677,39.919869617318085,2019-07-02,676,8560.0
05,19,-92.43923686174863,34.8997724175194,-93.50009011569544,42.07464832674591,2019-07-02,257,3254.0
05,20,-92.43923686174863,34.8997724175194,-98.38015540415404,38.484727072453566,2019-07-02,1210,15322.0
05,21,-92.43923686174863,34.8997724175194,-85.29055223275348,37.5266141736611,2019-07-02,404,5116.0
05,22,-92.43923686174863,34.8997724175194,-91.81423318426776,30.909072897746587,2019-07-02,2159,27340.0
05,23,-92.43923686174863,34.8997724175194,-69.20275986278288,45.27432853102379,2019-07-02,61,772.0
05,24,-92.43923686174863,34.8997724175194,-76.68717734070172,38.94649396258224,2019-07-02,152,1924.0
05,25,-92.43923686174863,34.8997724175194,-71.503972041848,42.16009326868467,2019-07-02,175,2216.0
05,26,-92.43923686174863,34.8997724175194,-85.73095291151436,44.874773603554175,2019-07-02,607,7686.0
05,27,-92.43923686174863,34.8997724175194,-94.19830560457335,46.3491103788664,2019-07-02,272,3444.0
05,28,-92.43923686174863,34.8997724175194,-89.6533594096457,32.712892273261986,2019-07-02,1961,24832.0
05,29,-92.43923686174863,34.8997724175194,-92.4774251950813,38.3676304410753,2019-07-02,6081,77005.0
05,30,-92.43923686174863,34.8997724175194,-109.64520698796639,47.03342111039991,2019-07-02,139,1760.0
05,31,-92.43923686174863,34.8997724175194,-99.81085586033895,41.527151125231704,2019-07-02,176,2228.0
05,32,-92.43923686174863,34.8997724175194,-116.65524866805762,39.356185873030874,2019-07-02,311,3938.0
05,33,-92.43923686174863,34.8997724175194,-71.57124316745634,43.6802370603039,2019-07-02,36,455.0
05,34,-92.43923686174863,34.8997724175194,-74.65561230865505,40.11017985292258,2019-07-02,183,2317.0
05,35,-92.43923686174863,34.8997724175194,-106.1084438818861,34.42130099474041,2019-07-02,364,4609.0
05,36,-92.43923686174863,34.8997724175194,-75.59654322164518,42.92123354806042,2019-07-02,594,7522.0
05,37,-92.43923686174863,34.8997724175194,-79.13090891837648,35.52603039243236,2019-07-02,468,5926.0
05,38,-92.43923686174863,34.8997724175194,-100.4693907950372,47.446310421753914,2019-07-02,62,785.0
05,39,-92.43923686174863,34.8997724175194,-82.70937700691621,40.415486910016135,2019-07-02,536,6787.0
05,40,-92.43923686174863,34.8997724175194,-97.50822793037422,35.583464652524235,2019-07-02,4014,50830.0
05,41,-92.43923686174863,34.8997724175194,-120.60525631019901,43.94045138675371,2019-07-02,165,2089.0
05,42,-92.43923686174863,34.8997724175194,-77.83893800628347,40.896700506452106,2019-07-02,306,3874.0
05,44,-92.43923686174863,34.8997724175194,-71.52472355562169,41.59463889844585,2019-07-02,28,354.0
05,45,-92.43923686174863,34.8997724175194,-80.86459715523999,33.87785606967731,2019-07-02,444,5622.0
05,46,-92.43923686174863,34.8997724175194,-100.23046550270404,44.43613758926095,2019-07-02,148,1874.0
05,47,-92.43923686174863,34.8997724175194,-86.34341233023729,35.84298014361061,2019-07-02,4315,54642.0
05,48,-92.43923686174863,34.8997724175194,-99.31712096957119,31.447212191842507,2019-07-02,11071,140196.0
05,49,-92.43923686174863,34.8997724175194,-111.67824995489637,39.32376871301901,2019-07-02,231,2925.0
05,50,-92.43923686174863,34.8997724175194,-72.66263037415419,44.075248233178044,2019-07-02,20,253.0
05,51,-92.43923686174863,34.8997724175194,-78.66634949421768,37.510873096830124,2019-07-02,434,5495.0
05,53,-92.43923686174863,34.8997724175194,-120.59289987466929,47.41163921872467,2019-07-02,273,3457.0
05,54,-92.43923686174863,34.8997724175194,-80.61370689717069,38.64256709677395,2019-07-02,105,1329.0
05,55,-92.43923686174863,34.8997724175194,-89.73293305821664,44.63994410730462,2019-07-02,263,3330.0
05,56,-92.43923686174863,34.8997724175194,-107.55139421018254,42.9995374625361,2019-07-02,183,2317.0
06,01,-119.6638458867405,37.21530826027419,-86.8445209956579,32.75687994183124,2019-07-02,787,15266.0
06,02,-119.6638458867405,37.21530826027419,-151.59342192189865,63.742989015090714,2019-07-02,1427,27680.0
06,04,-119.6638458867405,37.21530826027419,-111.6644603390921,34.29309519459149,2019-07-02,16252,315254.0
06,05,-119.6638458867405,37.21530826027419,-92.43923686174863,34.8997724175194,2019-07-02,884,17147.0
06,06,-119.6638458867405,37.21530826027419,-119.6638458867405,37.21530826027419,2019-07-02,4404345,85435067.0
06,08,-119.6638458867405,37.21530826027419,-105.5478211203382,38.99853159698931,2019-07-02,9835,190778.0
06,09,-119.6638458867405,37.21530826027419,-72.73825767764087,41.575164149895755,2019-07-02,850,16488.0
06,10,-119.6638458867405,37.21530826027419,-75.45249262811352,38.99497528640457,2019-07-02,207,4015.0
06,11,-119.6638458867405,37.21530826027419,-77.0162909035438,38.90477388790585,2019-07-02,920,17846.0
06,12,-119.6638458867405,37.21530826027419,-82.46641838867941,28.477058414990193,2019-07-02,6445,125019.0
06,13,-119.6638458867405,37.21530826027419,-83.42714021377525,32.63861711465618,2019-07-02,2744,53227.0
06,15,-119.6638458867405,37.21530826027419,-158.1099738068461,20.995111199008356,2019-07-02,12782,247944.0
06,16,-119.6638458867405,37.21530826027419,-114.6594139607683,44.389055086057056,2019-07-02,3333,64653.0
06,17,-119.6638458867405,37.21530826027419,-89.14863899339443,40.124200826969364,2019-07-02,4791,92935.0
06,18,-119.6638458867405,37.21530826027419,-86.28183838774677,39.919869617318085,2019-07-02,2338,45352.0
06,19,-119.6638458867405,37.21530826027419,-93.50009011569544,42.07464832674591,2019-07-02,1117,21667.0
06,20,-119.6638458867405,37.21530826027419,-98.38015540415404,38.484727072453566,2019-07-02,5548,107619.0
06,21,-119.6638458867405,37.21530826027419,-85.29055223275348,37.5266141736611,2019-07-02,906,17574.0
06,22,-119.6638458867405,37.21530826027419,-91.81423318426776,30.909072897746587,2019-07-02,1779,34508.0
06,23,-119.6638458867405,37.21530826027419,-69.20275986278288,45.27432853102379,2019-07-02,517,10028.0
06,24,-119.6638458867405,37.21530826027419,-76.68717734070172,38.94649396258224,2019-07-02,1192,23122.0
06,25,-119.6638458867405,37.21530826027419,-71.503972041848,42.16009326868467,2019-07-02,2787,54061.0
06,26,-119.6638458867405,37.21530826027419,-85.73095291151436,44.874773603554175,2019-07-02,2748,53305.0
06,27,-119.6638458867405,37.21530826027419,-94.19830560457335,46.3491103788664,2019-07-02,1923,37302.0
06,28,-119.6638458867405,37.21530826027419,-89.6533594096457,32.712892273261986,2019-07-02,483,9369.0
06,29,-119.6638458867405,37.21530826027419,-92.4774251950813,38.3676304410753,2019-07-02,1972,38252.0
06,30,-119.6638458867405,37.21530826027419,-109.64520698796639,47.03342111039991,2019-07-02,2108,40890.0
06,31,-119.6638458867405,37.21530826027419,-99.81085586033895,41.527151125231704,2019-07-02,977,18951.0
06,32,-119.6638458867405,37.21530826027419,-116.65524866805762,39.356185873030874,2019-07-02,22375,434028.0
06,33,-119.6638458867405,37.21530826027419,-71.57124316745634,43.6802370603039,2019-07-02,340,6595.0
06,34,-119.6638458867405,37.21530826027419,-74.65561230865505,40.11017985292258,2019-07-02,2661,51617.0
06,35,-119.6638458867405,37.21530826027419,-106.1084438818861,34.42130099474041,2019-07-02,2294,44498.0
06,36,-119.6638458867405,37.21530826027419,-75.59654322164518,42.92123354806042,2019-07-02,9477,183833.0
06,37,-119.6638458867405,37.21530826027419,-79.13090891837648,35.52603039243236,2019-07-02,1835,35595.0
06,38,-119.6638458867405,37.21530826027419,-100.4693907950372,47.446310421753914,2019-07-02,241,4674.0
06,39,-119.6638458867405,37.21530826027419,-82.70937700691621,40.415486910016135,2019-07-02,2622,50861.0
06,40,-119.6638458867405,37.21530826027419,-97.50822793037422,35.583464652524235,2019-07-02,1527,29620.0
06,41,-119.6638458867405,37.21530826027419,-120.60525631019901,43.94045138675371,2019-07-02,9955,193106.0
06,42,-119.6638458867405,37.21530826027419,-77.83893800628347,40.896700506452106,2019-07-02,2207,42811.0
06,44,-119.6638458867405,37.21530826027419,-71.52472355562169,41.59463889844585,2019-07-02,271,5256.0
06,45,-119.6638458867405,37.21530826027419,-80.86459715523999,33.87785606967731,2019-07-02,876,16992.0
06,46,-119.6638458867405,37.21530826027419,-100.23046550270404,44.43613758926095,2019-07-02,806,15634.0
06,47,-119.6638458867405,37.21530826027419,-86.34341233023729,35.84298014361061,2019-07-02,2083,40405.0
06,48,-119.6638458867405,37.21530826027419,-99.31712096957119,31.447212191842507,2019-07-02,12952,251241.0
06,49,-119.6638458867405,37.21530826027419,-111.67824995489637,39.32376871301901,2019-07-02,6019,116755.0
06,50,-119.6638458867405,37.21530826027419,-72.66263037415419,44.075248233178044,2019-07-02,185,3588.0
06,51,-119.6638458867405,37.21530826027419,-78.66634949421768,37.510873096830124,2019-07-02,2186,42403.0
06,53,-119.6638458867405,37.21530826027419,-120.59289987466929,47.41163921872467,2019-07-02,8805,170798.0
06,54,-119.6638458867405,37.21530826027419,-80.61370689717069,38.64256709677395,2019-07-02,152,2948.0
06,55,-119.6638458867405,37.21530826027419,-89.73293305821664,44.63994410730462,2019-07-02,1319,25585.0
06,56,-119.6638458867405,37.21530826027419,-107.55139421018254,42.9995374625361,2019-07-02,1264,24518.0
06,72,-119.6638458867405,37.21530826027419,-66.41466678397286,18.21569833731172,2019-07-02,69,1338.0
08,01,-105.5478211203382,38.99853159698931,-86.8445209956579,32.75687994183124,2019-07-02,399,6357.0
08,02,-105.5478211203382,38.99853159698931,-151.59342192189865,63.742989015090714,2019-07-02,248,3951.0
08,04,-105.5478211203382,38.99853159698931,-111.6644603390921,34.29309519459149,2019-07-02,1625,25891.0
08,05,-105.5478211203382,38.99853159698931,-92.43923686174863,34.8997724175194,2019-07-02,293,4668.0
08,06,-105.5478211203382,38.99853159698931,-119.6638458867405,37.21530826027419,2019-07-02,5848,93178.0
08,08,-105.5478211203382,38.99853159698931,-105.5478211203382,38.99853159698931,2019-07-02,662162,10550523.0
08,09,-105.5478211203382,38.99853159698931,-72.73825767764087,41.575164149895755,2019-07-02,180,2868.0
08,10,-105.5478211203382,38.99853159698931,-75.45249262811352,38.99497528640457,2019-07-02,111,1768.0
08,11,-105.5478211203382,38.99853159698931,-77.0162909035438,38.90477388790585,2019-07-02,202,3218.0
08,12,-105.5478211203382,38.99853159698931,-82.46641838867941,28.477058414990193,2019-07-02,2779,44279.0
08,13,-105.5478211203382,38.99853159698931,-83.42714021377525,32.63861711465618,2019-07-02,768,12236.0
08,15,-105.5478211203382,38.99853159698931,-158.1099738068461,20.995111199008356,2019-07-02,810,12906.0
08,16,-105.5478211203382,38.99853159698931,-114.6594139607683,44.389055086057056,2019-07-02,668,10643.0
08,17,-105.5478211203382,38.99853159698931,-89.14863899339443,40.124200826969364,2019-07-02,1863,29684.0
08,18,-105.5478211203382,38.99853159698931,-86.28183838774677,39.919869617318085,2019-07-02,751,11966.0
08,19,-105.5478211203382,38.99853159698931,-93.50009011569544,42.07464832674591,2019-07-02,844,13447.0
08,20,-105.5478211203382,38.99853159698931,-98.38015540415404,38.484727072453566,2019-07-02,1975,31468.0
08,21,-105.5478211203382,38.99853159698931,-85.29055223275348,37.5266141736611,2019-07-02,285,4541.0
08,22,-105.5478211203382,38.99853159698931,-91.81423318426776,30.909072897746587,2019-07-02,448,7138.0
08,23,-105.5478211203382,38.99853159698931,-69.20275986278288,45.27432853102379,2019-07-02,159,2533.0
08,24,-105.5478211203382,38.99853159698931,-76.68717734070172,38.94649396258224,2019-07-02,395,6293.0
08,25,-105.5478211203382,38.99853159698931,-71.503972041848,42.16009326868467,2019-07-02,569,9066.0
08,26,-105.5478211203382,38.99853159698931,-85.73095291151436,44.874773603554175,2019-07-02,1078,17176.0
08,27,-105.5478211203382,38.99853159698931,-94.19830560457335,46.3491103788664,2019-07-02,1295,20633.0
08,28,-105.5478211203382,38.99853159698931,-89.6533594096457,32.712892273261986,2019-07-02,230,3664.0
08,29,-105.5478211203382,38.99853159698931,-92.4774251950813,38.3676304410753,2019-07-02,1487,23693.0
08,30,-105.5478211203382,38.99853159698931,-109.64520698796639,47.03342111039991,2019-07-02,915,14579.0
08,31,-105.5478211203382,38.99853159698931,-99.81085586033895,41.527151125231704,2019-07-02,1778,28329.0
08,32,-105.5478211203382,38.99853159698931,-116.65524866805762,39.356185873030874,2019-07-02,1426,22721.0
08,33,-105.5478211203382,38.99853159698931,-71.57124316745634,43.6802370603039,2019-07-02,115,1832.0
08,34,-105.5478211203382,38.99853159698931,-74.65561230865505,40.11017985292258,2019-07-02,498,7934.0
08,35,-105.5478211203382,38.99853159698931,-106.1084438818861,34.42130099474041,2019-07-02,1614,25716.0
08,36,-105.5478211203382,38.99853159698931,-75.59654322164518,42.92123354806042,2019-07-02,1503,23947.0
08,37,-105.5478211203382,38.99853159698931,-79.13090891837648,35.52603039243236,2019-07-02,693,11041.0
08,38,-105.5478211203382,38.99853159698931,-100.4693907950372,47.446310421753914,2019-07-02,335,5337.0
08,39,-105.5478211203382,38.99853159698931,-82.70937700691621,40.415486910016135,2019-07-02,831,13240.0
08,40,-105.5478211203382,38.99853159698931,-97.50822793037422,35.583464652524235,2019-07-02,817,13017.0
08,41,-105.5478211203382,38.99853159698931,-120.60525631019901,43.94045138675371,2019-07-02,899,14324.0
08,42,-105.5478211203382,38.99853159698931,-77.83893800628347,40.896700506452106,2019-07-02,846,13479.0
08,44,-105.5478211203382,38.99853159698931,-71.52472355562169,41.59463889844585,2019-07-02,83,1322.0
08,45,-105.5478211203382,38.99853159698931,-80.86459715523999,33.87785606967731,2019-07-02,503,8014.0
08,46,-105.5478211203382,38.99853159698931,-100.23046550270404,44.43613758926095,2019-07-02,827,13176.0
08,47,-105.5478211203382,38.99853159698931,-86.34341233023729,35.84298014361061,2019-07-02,541,8619.0
08,48,-105.5478211203382,38.99853159698931,-99.31712096957119,31.447212191842507,2019-07-02,5073,80830.0
08,49,-105.5478211203382,38.99853159698931,-111.67824995489637,39.32376871301901,2019-07-02,1948,31038.0
08,50,-105.5478211203382,38.99853159698931,-72.66263037415419,44.075248233178044,2019-07-02,62,987.0
08,51,-105.5478211203382,38.99853159698931,-78.66634949421768,37.510873096830124,2019-07-02,664,10579.0
08,53,-105.5478211203382,38.99853159698931,-120.59289987466929,47.41163921872467,2019-07-02,1308,20840.0
08,54,-105.5478211203382,38.99853159698931,-80.61370689717069,38.64256709677395,2019-07-02,72,1147.0
08,55,-105.5478211203382,38.99853159698931,-89.73293305821664,44.63994410730462,2019-07-02,883,14069.0
08,56,-105.5478211203382,38.99853159698931,-107.55139421018254,42.9995374625361,2019-07-02,2284,36391.0
08,72,-105.5478211203382,38.99853159698931,-66.41466678397286,18.21569833731172,2019-07-02,39,621.0
09,01,-72.73825767764087,41.575164149895755,-86.8445209956579,32.75687994183124,2019-07-02,82,1516.0
09,02,-72.73825767764087,41.575164149895755,-151.59342192189865,63.742989015090714,2019-07-02,33,610.0
09,04,-72.73825767764087,41.575164149895755,-111.6644603390921,34.29309519459149,2019-07-02,133,2459.0
09,05,-72.73825767764087,41.575164149895755,-92.43923686174863,34.8997724175194,2019-07-02,30,554.0
09,06,-72.73825767764087,41.575164149895755,-119.6638458867405,37.21530826027419,2019-07-02,946,17490.0
09,08,-72.73825767764087,41.575164149895755,-105.5478211203382,38.99853159698931,2019-07-02,369,6822.0
09,09,-72.73825767764087,41.575164149895755,-72.73825767764087,41.575164149895755,2019-07-02,381990,7062582.0
09,10,-72.73825767764087,41.575164149895755,-75.45249262811352,38.99497528640457,2019-07-02,256,4733.0
09,11,-72.73825767764087,41.575164149895755,-77.0162909035438,38.90477388790585,2019-07-02,185,3420.0
09,12,-72.73825767764087,41.575164149895755,-82.46641838867941,28.477058414990193,2019-07-02,2691,49753.0
09,13,-72.73825767764087,41.575164149895755,-83.42714021377525,32.63861711465618,2019-07-02,439,8116.0
09,15,-72.73825767764087,41.575164149895755,-158.1099738068461,20.995111199008356,2019-07-02,178,3291.0
09,16,-72.73825767764087,41.575164149895755,-114.6594139607683,44.389055086057056,2019-07-02,19,351.0
09,17,-72.73825767764087,41.575164149895755,-89.14863899339443,40.124200826969364,2019-07-02,344,6360.0
09,18,-72.73825767764087,41.575164149895755,-86.28183838774677,39.919869617318085,2019-07-02,189,3494.0
09,19,-72.73825767764087,41.575164149895755,-93.50009011569544,42.07464832674591,2019-07-02,48,887.0
09,20,-72.73825767764087,41.575164149895755,-98.38015540415404,38.484727072453566,2019-07-02,382,7062.0
09,21,-72.73825767764087,41.575164149895755,-85.29055223275348,37.5266141736611,2019-07-02,223,4123.0
09,22,-72.73825767764087,41.575164149895755,-91.81423318426776,30.909072897746587,2019-07-02,53,979.0
09,23,-72.73825767764087,41.575164149895755,-69.20275986278288,45.27432853102379,2019-07-02,1180,21816.0
09,24,-72.73825767764087,41.575164149895755,-76.68717734070172,38.94649396258224,2019-07-02,713,13182.0
09,25,-72.73825767764087,41.575164149895755,-71.503972041848,42.16009326868467,2019-07-02,8799,162684.0
09,26,-72.73825767764087,41.575164149895755,-85.73095291151436,44.874773603554175,2019-07-02,322,5953.0
09,27,-72.73825767764087,41.575164149895755,-94.19830560457335,46.3491103788664,2019-07-02,100,1848.0
09,28,-72.73825767764087,41.575164149895755,-89.6533594096457,32.712892273261986,2019-07-02,28,517.0
09,29,-72.73825767764087,41.575164149895755,-92.4774251950813,38.3676304410753,2019-07-02,138,2551.0
09,30,-72.73825767764087,41.575164149895755,-109.64520698796639,47.03342111039991,2019-07-02,45,832.0
09,31,-72.73825767764087,41.575164149895755,-99.81085586033895,41.527151125231704,2019-07-02,45,832.0
09,32,-72.73825767764087,41.575164149895755,-116.65524866805762,39.356185873030874,2019-07-02,150,2773.0
09,33,-72.73825767764087,41.575164149895755,-71.57124316745634,43.6802370603039,2019-07-02,1057,19542.0
09,34,-72.73825767764087,41.575164149895755,-74.65561230865505,40.11017985292258,2019-07-02,2222,41082.0
09,35,-72.73825767764087,41.575164149895755,-106.1084438818861,34.42130099474041,2019-07-02,46,850.0
09,36,-72.73825767764087,41.575164149895755,-75.59654322164518,42.92123354806042,2019-07-02,13859,256237.0
09,37,-72.73825767764087,41.575164149895755,-79.13090891837648,35.52603039243236,2019-07-02,828,15308.0
09,39,-72.73825767764087,41.575164149895755,-82.70937700691621,40.415486910016135,2019-07-02,465,8597.0
09,40,-72.73825767764087,41.575164149895755,-97.50822793037422,35.583464652524235,2019-07-02,57,1053.0
09,41,-72.73825767764087,41.575164149895755,-120.60525631019901,43.94045138675371,2019-07-02,97,1793.0
09,42,-72.73825767764087,41.575164149895755,-77.83893800628347,40.896700506452106,2019-07-02,1249,23092.0
09,44,-72.73825767764087,41.575164149895755,-71.52472355562169,41.59463889844585,2019-07-02,3575,66097.0
09,45,-72.73825767764087,41.575164149895755,-80.86459715523999,33.87785606967731,2019-07-02,773,14291.0
09,46,-72.73825767764087,41.575164149895755,-100.23046550270404,44.43613758926095,2019-07-02,60,1109.0
09,47,-72.73825767764087,41.575164149895755,-86.34341233023729,35.84298014361061,2019-07-02,356,6582.0
09,48,-72.73825767764087,41.575164149895755,-99.31712096957119,31.447212191842507,2019-07-02,403,7451.0
09,49,-72.73825767764087,41.575164149895755,-111.67824995489637,39.32376871301901,2019-07-02,94,1737.0
09,50,-72.73825767764087,41.575164149895755,-72.66263037415419,44.075248233178044,2019-07-02,857,15845.0
09,51,-72.73825767764087,41.575164149895755,-78.66634949421768,37.510873096830124,2019-07-02,823,15216.0
09,53,-72.73825767764087,41.575164149895755,-120.59289987466929,47.41163921872467,2019-07-02,152,2810.0
09,54,-72.73825767764087,41.575164149895755,-80.61370689717069,38.64256709677395,2019-07-02,179,3309.0
09,55,-72.73825767764087,41.575164149895755,-89.73293305821664,44.63994410730462,2019-07-02,94,1737.0
09,56,-72.73825767764087,41.575164149895755,-107.55139421018254,42.9995374625361,2019-07-02,67,1238.0
09,72,-72.73825767764087,41.575164149895755,-66.41466678397286,18.21569833731172,2019-07-02,91,1682.0
10,01,-75.45249262811352,38.99497528640457,-86.8445209956579,32.75687994183124,2019-07-02,74,1170.0
10,02,-75.45249262811352,38.99497528640457,-151.59342192189865,63.742989015090714,2019-07-02,24,379.0
10,04,-75.45249262811352,38.99497528640457,-111.6644603390921,34.29309519459149,2019-07-02,51,806.0
10,05,-75.45249262811352,38.99497528640457,-92.43923686174863,34.8997724175194,2019-07-02,6,94.0
10,06,-75.45249262811352,38.99497528640457,-119.6638458867405,37.21530826027419,2019-07-02,299,4729.0
10,08,-75.45249262811352,38.99497528640457,-105.5478211203382,38.99853159698931,2019-07-02,134,2119.0
10,09,-75.45249262811352,38.99497528640457,-72.73825767764087,41.575164149895755,2019-07-02,145,2293.0
10,10,-75.45249262811352,38.99497528640457,-75.45249262811352,38.99497528640457,2019-07-02,106486,1684497.0
10,11,-75.45249262811352,38.99497528640457,-77.0162909035438,38.90477388790585,2019-07-02,196,3100.0
10,12,-75.45249262811352,38.99497528640457,-82.46641838867941,28.477058414990193,2019-07-02,621,9823.0
10,13,-75.45249262811352,38.99497528640457,-83.42714021377525,32.63861711465618,2019-07-02,185,2926.0
10,15,-75.45249262811352,38.99497528640457,-158.1099738068461,20.995111199008356,2019-07-02,53,838.0
10,16,-75.45249262811352,38.99497528640457,-114.6594139607683,44.389055086057056,2019-07-02,14,221.0
10,17,-75.45249262811352,38.99497528640457,-89.14863899339443,40.124200826969364,2019-07-02,117,1850.0
10,18,-75.45249262811352,38.99497528640457,-86.28183838774677,39.919869617318085,2019-07-02,51,806.0
10,19,-75.45249262811352,38.99497528640457,-93.50009011569544,42.07464832674591,2019-07-02,54,854.0
10,20,-75.45249262811352,38.99497528640457,-98.38015540415404,38.484727072453566,2019-07-02,66,1044.0
10,21,-75.45249262811352,38.99497528640457,-85.29055223275348,37.5266141736611,2019-07-02,19,300.0
10,22,-75.45249262811352,38.99497528640457,-91.81423318426776,30.909072897746587,2019-07-02,55,870.0
10,23,-75.45249262811352,38.99497528640457,-69.20275986278288,45.27432853102379,2019-07-02,86,1360.0
10,24,-75.45249262811352,38.99497528640457,-76.68717734070172,38.94649396258224,2019-07-02,5362,84821.0
10,25,-75.45249262811352,38.99497528640457,-71.503972041848,42.16009326868467,2019-07-02,160,2531.0
10,26,-75.45249262811352,38.99497528640457,-85.73095291151436,44.874773603554175,2019-07-02,124,1961.0
10,27,-75.45249262811352,38.99497528640457,-94.19830560457335,46.3491103788664,2019-07-02,18,284.0
10,28,-75.45249262811352,38.99497528640457,-89.6533594096457,32.712892273261986,2019-07-02,57,901.0
10,29,-75.45249262811352,38.99497528640457,-92.4774251950813,38.3676304410753,2019-07-02,64,1012.0
10,30,-75.45249262811352,38.99497528640457,-109.64520698796639,47.03342111039991,2019-07-02,15,237.0
10,31,-75.45249262811352,38.99497528640457,-99.81085586033895,41.527151125231704,2019-07-02,3,47.0
10,32,-75.45249262811352,38.99497528640457,-116.65524866805762,39.356185873030874,2019-07-02,52,822.0
10,33,-75.45249262811352,38.99497528640457,-71.57124316745634,43.6802370603039,2019-07-02,36,569.0
10,34,-75.45249262811352,38.99497528640457,-74.65561230865505,40.11017985292258,2019-07-02,1938,30657.0
10,35,-75.45249262811352,38.99497528640457,-106.1084438818861,34.42130099474041,2019-07-02,25,395.0
10,36,-75.45249262811352,38.99497528640457,-75.59654322164518,42.92123354806042,2019-07-02,573,9064.0
10,37,-75.45249262811352,38.99497528640457,-79.13090891837648,35.52603039243236,2019-07-02,555,8779.0
10,38,-75.45249262811352,38.99497528640457,-100.4693907950372,47.446310421753914,2019-07-02,3,47.0
10,39,-75.45249262811352,38.99497528640457,-82.70937700691621,40.415486910016135,2019-07-02,459,7260.0
10,40,-75.45249262811352,38.99497528640457,-97.50822793037422,35.583464652524235,2019-07-02,11,174.0
10,41,-75.45249262811352,38.99497528640457,-120.60525631019901,43.94045138675371,2019-07-02,20,316.0
10,42,-75.45249262811352,38.99497528640457,-77.83893800628347,40.896700506452106,2019-07-02,5551,87811.0
10,44,-75.45249262811352,38.99497528640457,-71.52472355562169,41.59463889844585,2019-07-02,45,711.0
10,45,-75.45249262811352,38.99497528640457,-80.86459715523999,33.87785606967731,2019-07-02,185,2926.0
10,46,-75.45249262811352,38.99497528640457,-100.23046550270404,44.43613758926095,2019-07-02,9,142.0
10,47,-75.45249262811352,38.99497528640457,-86.34341233023729,35.84298014361061,2019-07-02,137,2167.0
10,48,-75.45249262811352,38.99497528640457,-99.31712096957119,31.447212191842507,2019-07-02,177,2799.0
10,49,-75.45249262811352,38.99497528640457,-111.67824995489637,39.32376871301901,2019-07-02,20,316.0
10,50,-75.45249262811352,38.99497528640457,-72.66263037415419,44.075248233178044,2019-07-02,67,1059.0
10,51,-75.45249262811352,38.99497528640457,-78.66634949421768,37.510873096830124,2019-07-02,799,12639.0
10,53,-75.45249262811352,38.99497528640457,-120.59289987466929,47.41163921872467,2019-07-02,67,1059.0
10,54,-75.45249262811352,38.99497528640457,-80.61370689717069,38.64256709677395,2019-07-02,83,1312.0
10,55,-75.45249262811352,38.99497528640457,-89.73293305821664,44.63994410730462,2019-07-02,33,522.0
10,56,-75.45249262811352,38.99497528640457,-107.55139421018254,42.9995374625361,2019-07-02,12,189.0
10,72,-75.45249262811352,38.99497528640457,-66.41466678397286,18.21569833731172,2019-07-02,21,332.0
11,01,-77.0162909035438,38.90477388790585,-86.8445209956579,32.75687994183124,2019-07-02,65,1101.0
11,02,-77.0162909035438,38.90477388790585,-151.59342192189865,63.742989015090714,2019-07-02,14,237.0
11,04,-77.0162909035438,38.90477388790585,-111.6644603390921,34.29309519459149,2019-07-02,37,627.0
11,05,-77.0162909035438,38.90477388790585,-92.43923686174863,34.8997724175194,2019-07-02,19,322.0
11,06,-77.0162909035438,38.90477388790585,-119.6638458867405,37.21530826027419,2019-07-02,385,6525.0
11,08,-77.0162909035438,38.90477388790585,-105.5478211203382,38.99853159698931,2019-07-02,74,1254.0
11,09,-77.0162909035438,38.90477388790585,-72.73825767764087,41.575164149895755,2019-07-02,46,779.0
11,10,-77.0162909035438,38.90477388790585,-75.45249262811352,38.99497528640457,2019-07-02,224,3796.0
11,11,-77.0162909035438,38.90477388790585,-77.0162909035438,38.90477388790585,2019-07-02,57664,977293.0
11,12,-77.0162909035438,38.90477388790585,-82.46641838867941,28.477058414990193,2019-07-02,381,6457.0
11,13,-77.0162909035438,38.90477388790585,-83.42714021377525,32.63861711465618,2019-07-02,170,2881.0
11,15,-77.0162909035438,38.90477388790585,-158.1099738068461,20.995111199008356,2019-07-02,31,525.0
11,16,-77.0162909035438,38.90477388790585,-114.6594139607683,44.389055086057056,2019-07-02,8,135.0
11,17,-77.0162909035438,38.90477388790585,-89.14863899339443,40.124200826969364,2019-07-02,170,2881.0
11,18,-77.0162909035438,38.90477388790585,-86.28183838774677,39.919869617318085,2019-07-02,24,406.0
11,19,-77.0162909035438,38.90477388790585,-93.50009011569544,42.07464832674591,2019-07-02,14,237.0
11,20,-77.0162909035438,38.90477388790585,-98.38015540415404,38.484727072453566,2019-07-02,83,1406.0
11,21,-77.0162909035438,38.90477388790585,-85.29055223275348,37.5266141736611,2019-07-02,35,593.0
11,22,-77.0162909035438,38.90477388790585,-91.81423318426776,30.909072897746587,2019-07-02,96,1627.0
11,23,-77.0162909035438,38.90477388790585,-69.20275986278288,45.27432853102379,2019-07-02,67,1135.0
11,24,-77.0162909035438,38.90477388790585,-76.68717734070172,38.94649396258224,2019-07-02,9949,168616.0
11,25,-77.0162909035438,38.90477388790585,-71.503972041848,42.16009326868467,2019-07-02,270,4575.0
11,26,-77.0162909035438,38.90477388790585,-85.73095291151436,44.874773603554175,2019-07-02,104,1762.0
11,27,-77.0162909035438,38.90477388790585,-94.19830560457335,46.3491103788664,2019-07-02,62,1050.0
11,28,-77.0162909035438,38.90477388790585,-89.6533594096457,32.712892273261986,2019-07-02,30,508.0
11,29,-77.0162909035438,38.90477388790585,-92.4774251950813,38.3676304410753,2019-07-02,53,898.0
11,30,-77.0162909035438,38.90477388790585,-109.64520698796639,47.03342111039991,2019-07-02,14,237.0
11,31,-77.0162909035438,38.90477388790585,-99.81085586033895,41.527151125231704,2019-07-02,13,220.0
11,32,-77.0162909035438,38.90477388790585,-116.65524866805762,39.356185873030874,2019-07-02,38,644.0
11,33,-77.0162909035438,38.90477388790585,-71.57124316745634,43.6802370603039,2019-07-02,22,372.0
11,34,-77.0162909035438,38.90477388790585,-74.65561230865505,40.11017985292258,2019-07-02,245,4152.0
11,35,-77.0162909035438,38.90477388790585,-106.1084438818861,34.42130099474041,2019-07-02,7,118.0
11,36,-77.0162909035438,38.90477388790585,-75.59654322164518,42.92123354806042,2019-07-02,993,16829.0
11,37,-77.0162909035438,38.90477388790585,-79.13090891837648,35.52603039243236,2019-07-02,217,3677.0
11,38,-77.0162909035438,38.90477388790585,-100.4693907950372,47.446310421753914,2019-07-02,9,152.0
11,39,-77.0162909035438,38.90477388790585,-82.70937700691621,40.415486910016135,2019-07-02,97,1643.0
11,40,-77.0162909035438,38.90477388790585,-97.50822793037422,35.583464652524235,2019-07-02,18,305.0
11,41,-77.0162909035438,38.90477388790585,-120.60525631019901,43.94045138675371,2019-07-02,35,593.0
11,42,-77.0162909035438,38.90477388790585,-77.83893800628347,40.896700506452106,2019-07-02,450,7626.0
11,44,-77.0162909035438,38.90477388790585,-71.52472355562169,41.59463889844585,2019-07-02,27,457.0
11,45,-77.0162909035438,38.90477388790585,-80.86459715523999,33.87785606967731,2019-07-02,152,2576.0
11,46,-77.0162909035438,38.90477388790585,-100.23046550270404,44.43613758926095,2019-07-02,8,135.0
11,47,-77.0162909035438,38.90477388790585,-86.34341233023729,35.84298014361061,2019-07-02,84,1423.0
11,48,-77.0162909035438,38.90477388790585,-99.31712096957119,31.447212191842507,2019-07-02,177,2999.0
11,49,-77.0162909035438,38.90477388790585,-111.67824995489637,39.32376871301901,2019-07-02,12,203.0
11,50,-77.0162909035438,38.90477388790585,-72.66263037415419,44.075248233178044,2019-07-02,27,457.0
11,51,-77.0162909035438,38.90477388790585,-78.66634949421768,37.510873096830124,2019-07-02,4078,69114.0
11,53,-77.0162909035438,38.90477388790585,-120.59289987466929,47.41163921872467,2019-07-02,52,881.0
11,54,-77.0162909035438,38.90477388790585,-80.61370689717069,38.64256709677395,2019-07-02,51,864.0
11,55,-77.0162909035438,38.90477388790585,-89.73293305821664,44.63994410730462,2019-07-02,50,847.0
11,56,-77.0162909035438,38.90477388790585,-107.55139421018254,42.9995374625361,2019-07-02,12,203.0
11,72,-77.0162909035438,38.90477388790585,-66.41466678397286,18.21569833731172,2019-07-02,8,135.0
12,01,-82.46641838867941,28.477058414990193,-86.8445209956579,32.75687994183124,2019-07-02,8594,117730.0
12,02,-82.46641838867941,28.477058414990193,-151.59342192189865,63.742989015090714,2019-07-02,694,9507.0
12,04,-82.46641838867941,28.477058414990193,-111.6644603390921,34.29309519459149,2019-07-02,1497,20507.0
12,05,-82.46641838867941,28.477058414990193,-92.43923686174863,34.8997724175194,2019-07-02,1075,14726.0
12,06,-82.46641838867941,28.477058414990193,-119.6638458867405,37.21530826027419,2019-07-02,8642,118388.0
12,08,-82.46641838867941,28.477058414990193,-105.5478211203382,38.99853159698931,2019-07-02,3635,49796.0
12,09,-82.46641838867941,28.477058414990193,-72.73825767764087,41.575164149895755,2019-07-02,1595,21850.0
12,10,-82.46641838867941,28.477058414990193,-75.45249262811352,38.99497528640457,2019-07-02,415,5685.0
12,11,-82.46641838867941,28.477058414990193,-77.0162909035438,38.90477388790585,2019-07-02,1436,19672.0
12,12,-82.46641838867941,28.477058414990193,-82.46641838867941,28.477058414990193,2019-07-02,3095408,42404624.0
12,13,-82.46641838867941,28.477058414990193,-83.42714021377525,32.63861711465618,2019-07-02,24086,329959.0
12,15,-82.46641838867941,28.477058414990193,-158.1099738068461,20.995111199008356,2019-07-02,1125,15411.0
12,16,-82.46641838867941,28.477058414990193,-114.6594139607683,44.389055086057056,2019-07-02,339,4644.0
12,17,-82.46641838867941,28.477058414990193,-89.14863899339443,40.124200826969364,2019-07-02,5174,70879.0
12,18,-82.46641838867941,28.477058414990193,-86.28183838774677,39.919869617318085,2019-07-02,3688,50522.0
12,19,-82.46641838867941,28.477058414990193,-93.50009011569544,42.07464832674591,2019-07-02,1063,14562.0
12,20,-82.46641838867941,28.477058414990193,-98.38015540415404,38.484727072453566,2019-07-02,2973,40727.0
12,21,-82.46641838867941,28.477058414990193,-85.29055223275348,37.5266141736611,2019-07-02,2490,34111.0
12,22,-82.46641838867941,28.477058414990193,-91.81423318426776,30.909072897746587,2019-07-02,2766,37891.0
12,23,-82.46641838867941,28.477058414990193,-69.20275986278288,45.27432853102379,2019-07-02,1266,17343.0
12,24,-82.46641838867941,28.477058414990193,-76.68717734070172,38.94649396258224,2019-07-02,2643,36206.0
12,25,-82.46641838867941,28.477058414990193,-71.503972041848,42.16009326868467,2019-07-02,4106,56248.0
12,26,-82.46641838867941,28.477058414990193,-85.73095291151436,44.874773603554175,2019-07-02,5056,69263.0
12,27,-82.46641838867941,28.477058414990193,-94.19830560457335,46.3491103788664,2019-07-02,1230,16850.0
12,28,-82.46641838867941,28.477058414990193,-89.6533594096457,32.712892273261986,2019-07-02,2062,28247.0
12,29,-82.46641838867941,28.477058414990193,-92.4774251950813,38.3676304410753,2019-07-02,2285,31302.0
12,30,-82.46641838867941,28.477058414990193,-109.64520698796639,47.03342111039991,2019-07-02,455,6233.0
12,31,-82.46641838867941,28.477058414990193,-99.81085586033895,41.527151125231704,2019-07-02,518,7096.0
12,32,-82.46641838867941,28.477058414990193,-116.65524866805762,39.356185873030874,2019-07-02,1907,26124.0
12,33,-82.46641838867941,28.477058414990193,-71.57124316745634,43.6802370603039,2019-07-02,739,10123.0
12,34,-82.46641838867941,28.477058414990193,-74.65561230865505,40.11017985292258,2019-07-02,5112,70030.0
12,35,-82.46641838867941,28.477058414990193,-106.1084438818861,34.42130099474041,2019-07-02,579,7931.0
12,36,-82.46641838867941,28.477058414990193,-75.59654322164518,42.92123354806042,2019-07-02,15418,211214.0
12,37,-82.46641838867941,28.477058414990193,-79.13090891837648,35.52603039243236,2019-07-02,12406,169952.0
12,38,-82.46641838867941,28.477058414990193,-100.4693907950372,47.446310421753914,2019-07-02,142,1945.0
12,39,-82.46641838867941,28.477058414990193,-82.70937700691621,40.415486910016135,2019-07-02,5532,75783.0
12,40,-82.46641838867941,28.477058414990193,-97.50822793037422,35.583464652524235,2019-07-02,1049,14370.0
12,41,-82.46641838867941,28.477058414990193,-120.60525631019901,43.94045138675371,2019-07-02,754,10329.0
12,42,-82.46641838867941,28.477058414990193,-77.83893800628347,40.896700506452106,2019-07-02,5516,75564.0
12,44,-82.46641838867941,28.477058414990193,-71.52472355562169,41.59463889844585,2019-07-02,737,10096.0
12,45,-82.46641838867941,28.477058414990193,-80.86459715523999,33.87785606967731,2019-07-02,6320,86578.0
12,46,-82.46641838867941,28.477058414990193,-100.23046550270404,44.43613758926095,2019-07-02,253,3465.0
12,47,-82.46641838867941,28.477058414990193,-86.34341233023729,35.84298014361061,2019-07-02,7517,102976.0
12,48,-82.46641838867941,28.477058414990193,-99.31712096957119,31.447212191842507,2019-07-02,7985,109388.0
12,49,-82.46641838867941,28.477058414990193,-111.67824995489637,39.32376871301901,2019-07-02,1056,14466.0
12,50,-82.46641838867941,28.477058414990193,-72.66263037415419,44.075248233178044,2019-07-02,440,6027.0
12,51,-82.46641838867941,28.477058414990193,-78.66634949421768,37.510873096830124,2019-07-02,5740,78633.0
12,53,-82.46641838867941,28.477058414990193,-120.59289987466929,47.41163921872467,2019-07-02,1625,22261.0
12,54,-82.46641838867941,28.477058414990193,-80.61370689717069,38.64256709677395,2019-07-02,1020,13973.0
12,55,-82.46641838867941,28.477058414990193,-89.73293305821664,44.63994410730462,2019-07-02,1741,23850.0
12,56,-82.46641838867941,28.477058414990193,-107.55139421018254,42.9995374625361,2019-07-02,560,7671.0
12,72,-82.46641838867941,28.477058414990193,-66.41466678397286,18.21569833731172,2019-07-02,1046,14329.0
13,01,-83.42714021377525,32.63861711465618,-86.8445209956579,32.75687994183124,2019-07-02,15852,204097.0
13,02,-83.42714021377525,32.63861711465618,-151.59342192189865,63.742989015090714,2019-07-02,350,4506.0
13,04,-83.42714021377525,32.63861711465618,-111.6644603390921,34.29309519459149,2019-07-02,827,10647.0
13,05,-83.42714021377525,32.63861711465618,-92.43923686174863,34.8997724175194,2019-07-02,1127,14510.0
13,06,-83.42714021377525,32.63861711465618,-119.6638458867405,37.21530826027419,2019-07-02,5384,69319.0
13,08,-83.42714021377525,32.63861711465618,-105.5478211203382,38.99853159698931,2019-07-02,3138,40402.0
13,09,-83.42714021377525,32.63861711465618,-72.73825767764087,41.575164149895755,2019-07-02,444,5716.0
13,10,-83.42714021377525,32.63861711465618,-75.45249262811352,38.99497528640457,2019-07-02,275,3540.0
13,11,-83.42714021377525,32.63861711465618,-77.0162909035438,38.90477388790585,2019-07-02,635,8175.0
13,12,-83.42714021377525,32.63861711465618,-82.46641838867941,28.477058414990193,2019-07-02,53642,690650.0
13,13,-83.42714021377525,32.63861711465618,-83.42714021377525,32.63861711465618,2019-07-02,1659428,21365440.0
13,15,-83.42714021377525,32.63861711465618,-158.1099738068461,20.995111199008356,2019-07-02,942,12128.0
13,16,-83.42714021377525,32.63861711465618,-114.6594139607683,44.389055086057056,2019-07-02,235,3025.0
13,17,-83.42714021377525,32.63861711465618,-89.14863899339443,40.124200826969364,2019-07-02,3648,46968.0
13,18,-83.42714021377525,32.63861711465618,-86.28183838774677,39.919869617318085,2019-07-02,1814,23355.0
13,19,-83.42714021377525,32.63861711465618,-93.50009011569544,42.07464832674591,2019-07-02,520,6695.0
13,20,-83.42714021377525,32.63861711465618,-98.38015540415404,38.484727072453566,2019-07-02,2183,28106.0
13,21,-83.42714021377525,32.63861711465618,-85.29055223275348,37.5266141736611,2019-07-02,2057,26484.0
13,22,-83.42714021377525,32.63861711465618,-91.81423318426776,30.909072897746587,2019-07-02,2091,26922.0
13,23,-83.42714021377525,32.63861711465618,-69.20275986278288,45.27432853102379,2019-07-02,598,7699.0
13,24,-83.42714021377525,32.63861711465618,-76.68717734070172,38.94649396258224,2019-07-02,1478,19029.0
13,25,-83.42714021377525,32.63861711465618,-71.503972041848,42.16009326868467,2019-07-02,1429,18398.0
13,26,-83.42714021377525,32.63861711465618,-85.73095291151436,44.874773603554175,2019-07-02,2597,33436.0
13,27,-83.42714021377525,32.63861711465618,-94.19830560457335,46.3491103788664,2019-07-02,752,9682.0
13,28,-83.42714021377525,32.63861711465618,-89.6533594096457,32.712892273261986,2019-07-02,2088,26883.0
13,29,-83.42714021377525,32.63861711465618,-92.4774251950813,38.3676304410753,2019-07-02,1582,20368.0
13,30,-83.42714021377525,32.63861711465618,-109.64520698796639,47.03342111039991,2019-07-02,456,5871.0
13,31,-83.42714021377525,32.63861711465618,-99.81085586033895,41.527151125231704,2019-07-02,306,3939.0
13,32,-83.42714021377525,32.63861711465618,-116.65524866805762,39.356185873030874,2019-07-02,948,12205.0
13,33,-83.42714021377525,32.63861711465618,-71.57124316745634,43.6802370603039,2019-07-02,249,3205.0
13,34,-83.42714021377525,32.63861711465618,-74.65561230865505,40.11017985292258,2019-07-02,1862,23973.0
13,35,-83.42714021377525,32.63861711465618,-106.1084438818861,34.42130099474041,2019-07-02,418,5381.0
13,36,-83.42714021377525,32.63861711465618,-75.59654322164518,42.92123354806042,2019-07-02,6054,77946.0
13,37,-83.42714021377525,32.63861711465618,-79.13090891837648,35.52603039243236,2019-07-02,9385,120833.0
13,38,-83.42714021377525,32.63861711465618,-100.4693907950372,47.446310421753914,2019-07-02,118,1519.0
13,39,-83.42714021377525,32.63861711465618,-82.70937700691621,40.415486910016135,2019-07-02,4204,54127.0
13,40,-83.42714021377525,32.63861711465618,-97.50822793037422,35.583464652524235,2019-07-02,747,9617.0
13,41,-83.42714021377525,32.63861711465618,-120.60525631019901,43.94045138675371,2019-07-02,512,6592.0
13,42,-83.42714021377525,32.63861711465618,-77.83893800628347,40.896700506452106,2019-07-02,2630,33861.0
13,44,-83.42714021377525,32.63861711465618,-71.52472355562169,41.59463889844585,2019-07-02,166,2137.0
13,45,-83.42714021377525,32.63861711465618,-80.86459715523999,33.87785606967731,2019-07-02,18227,234675.0
13,46,-83.42714021377525,32.63861711465618,-100.23046550270404,44.43613758926095,2019-07-02,185,2381.0
13,47,-83.42714021377525,32.63861711465618,-86.34341233023729,35.84298014361061,2019-07-02,16557,213174.0
13,48,-83.42714021377525,32.63861711465618,-99.31712096957119,31.447212191842507,2019-07-02,4991,64260.0
13,49,-83.42714021377525,32.63861711465618,-111.67824995489637,39.32376871301901,2019-07-02,522,6720.0
13,50,-83.42714021377525,32.63861711465618,-72.66263037415419,44.075248233178044,2019-07-02,91,1171.0
13,51,-83.42714021377525,32.63861711465618,-78.66634949421768,37.510873096830124,2019-07-02,3931,50612.0
13,53,-83.42714021377525,32.63861711465618,-120.59289987466929,47.41163921872467,2019-07-02,969,12476.0
13,54,-83.42714021377525,32.63861711465618,-80.61370689717069,38.64256709677395,2019-07-02,491,6321.0
13,55,-83.42714021377525,32.63861711465618,-89.73293305821664,44.63994410730462,2019-07-02,1108,14265.0
13,56,-83.42714021377525,32.63861711465618,-107.55139421018254,42.9995374625361,2019-07-02,517,6656.0
13,72,-83.42714021377525,32.63861711465618,-66.41466678397286,18.21569833731172,2019-07-02,232,2987.0
15,01,-158.1099738068461,20.995111199008356,-86.8445209956579,32.75687994183124,2019-07-02,46,867.0
15,02,-158.1099738068461,20.995111199008356,-151.59342192189865,63.742989015090714,2019-07-02,111,2094.0
15,04,-158.1099738068461,20.995111199008356,-111.6644603390921,34.29309519459149,2019-07-02,318,5999.0
15,05,-158.1099738068461,20.995111199008356,-92.43923686174863,34.8997724175194,2019-07-02,32,603.0
15,06,-158.1099738068461,20.995111199008356,-119.6638458867405,37.21530826027419,2019-07-02,2781,52470.0
15,08,-158.1099738068461,20.995111199008356,-105.5478211203382,38.99853159698931,2019-07-02,206,3886.0
15,09,-158.1099738068461,20.995111199008356,-72.73825767764087,41.575164149895755,2019-07-02,31,584.0
15,10,-158.1099738068461,20.995111199008356,-75.45249262811352,38.99497528640457,2019-07-02,7,132.0
15,11,-158.1099738068461,20.995111199008356,-77.0162909035438,38.90477388790585,2019-07-02,34,641.0
15,12,-158.1099738068461,20.995111199008356,-82.46641838867941,28.477058414990193,2019-07-02,268,5056.0
15,13,-158.1099738068461,20.995111199008356,-83.42714021377525,32.63861711465618,2019-07-02,116,2188.0
15,15,-158.1099738068461,20.995111199008356,-158.1099738068461,20.995111199008356,2019-07-02,159284,3005264.0
15,16,-158.1099738068461,20.995111199008356,-114.6594139607683,44.389055086057056,2019-07-02,35,660.0
15,17,-158.1099738068461,20.995111199008356,-89.14863899339443,40.124200826969364,2019-07-02,111,2094.0
15,18,-158.1099738068461,20.995111199008356,-86.28183838774677,39.919869617318085,2019-07-02,122,2301.0
15,19,-158.1099738068461,20.995111199008356,-93.50009011569544,42.07464832674591,2019-07-02,21,396.0
15,20,-158.1099738068461,20.995111199008356,-98.38015540415404,38.484727072453566,2019-07-02,188,3547.0
15,21,-158.1099738068461,20.995111199008356,-85.29055223275348,37.5266141736611,2019-07-02,43,811.0
15,22,-158.1099738068461,20.995111199008356,-91.81423318426776,30.909072897746587,2019-07-02,74,1396.0
15,23,-158.1099738068461,20.995111199008356,-69.20275986278288,45.27432853102379,2019-07-02,16,301.0
15,24,-158.1099738068461,20.995111199008356,-76.68717734070172,38.94649396258224,2019-07-02,70,1320.0
15,25,-158.1099738068461,20.995111199008356,-71.503972041848,42.16009326868467,2019-07-02,94,1773.0
15,26,-158.1099738068461,20.995111199008356,-85.73095291151436,44.874773603554175,2019-07-02,132,2490.0
15,27,-158.1099738068461,20.995111199008356,-94.19830560457335,46.3491103788664,2019-07-02,64,1207.0
15,28,-158.1099738068461,20.995111199008356,-89.6533594096457,32.712892273261986,2019-07-02,13,245.0
15,29,-158.1099738068461,20.995111199008356,-92.4774251950813,38.3676304410753,2019-07-02,88,1660.0
15,30,-158.1099738068461,20.995111199008356,-109.64520698796639,47.03342111039991,2019-07-02,49,924.0
15,31,-158.1099738068461,20.995111199008356,-99.81085586033895,41.527151125231704,2019-07-02,17,320.0
15,32,-158.1099738068461,20.995111199008356,-116.65524866805762,39.356185873030874,2019-07-02,583,10999.0
15,33,-158.1099738068461,20.995111199008356,-71.57124316745634,43.6802370603039,2019-07-02,20,377.0
15,34,-158.1099738068461,20.995111199008356,-74.65561230865505,40.11017985292258,2019-07-02,63,1188.0
15,35,-158.1099738068461,20.995111199008356,-106.1084438818861,34.42130099474041,2019-07-02,44,830.0
15,36,-158.1099738068461,20.995111199008356,-75.59654322164518,42.92123354806042,2019-07-02,233,4396.0
15,37,-158.1099738068461,20.995111199008356,-79.13090891837648,35.52603039243236,2019-07-02,82,1547.0
15,38,-158.1099738068461,20.995111199008356,-100.4693907950372,47.446310421753914,2019-07-02,8,150.0
15,39,-158.1099738068461,20.995111199008356,-82.70937700691621,40.415486910016135,2019-07-02,89,1679.0
15,40,-158.1099738068461,20.995111199008356,-97.50822793037422,35.583464652524235,2019-07-02,38,716.0
15,41,-158.1099738068461,20.995111199008356,-120.60525631019901,43.94045138675371,2019-07-02,328,6188.0
15,42,-158.1099738068461,20.995111199008356,-77.83893800628347,40.896700506452106,2019-07-02,60,1132.0
15,44,-158.1099738068461,20.995111199008356,-71.52472355562169,41.59463889844585,2019-07-02,17,320.0
15,45,-158.1099738068461,20.995111199008356,-80.86459715523999,33.87785606967731,2019-07-02,36,679.0
15,46,-158.1099738068461,20.995111199008356,-100.23046550270404,44.43613758926095,2019-07-02,18,339.0
15,47,-158.1099738068461,20.995111199008356,-86.34341233023729,35.84298014361061,2019-07-02,87,1641.0
15,48,-158.1099738068461,20.995111199008356,-99.31712096957119,31.447212191842507,2019-07-02,486,9169.0
15,49,-158.1099738068461,20.995111199008356,-111.67824995489637,39.32376871301901,2019-07-02,122,2301.0
15,51,-158.1099738068461,20.995111199008356,-78.66634949421768,37.510873096830124,2019-07-02,90,1698.0
15,53,-158.1099738068461,20.995111199008356,-120.59289987466929,47.41163921872467,2019-07-02,622,11735.0
15,54,-158.1099738068461,20.995111199008356,-80.61370689717069,38.64256709677395,2019-07-02,19,358.0
15,55,-158.1099738068461,20.995111199008356,-89.73293305821664,44.63994410730462,2019-07-02,55,1037.0
15,56,-158.1099738068461,20.995111199008356,-107.55139421018254,42.9995374625361,2019-07-02,18,339.0
15,72,-158.1099738068461,20.995111199008356,-66.41466678397286,18.21569833731172,2019-07-02,5,94.0
16,01,-114.6594139607683,44.389055086057056,-86.8445209956579,32.75687994183124,2019-07-02,55,948.0
16,02,-114.6594139607683,44.389055086057056,-151.59342192189865,63.742989015090714,2019-07-02,97,1673.0
16,04,-114.6594139607683,44.389055086057056,-111.6644603390921,34.29309519459149,2019-07-02,517,8917.0
16,05,-114.6594139607683,44.389055086057056,-92.43923686174863,34.8997724175194,2019-07-02,43,741.0
16,06,-114.6594139607683,44.389055086057056,-119.6638458867405,37.21530826027419,2019-07-02,1842,31772.0
16,08,-114.6594139607683,44.389055086057056,-105.5478211203382,38.99853159698931,2019-07-02,490,8451.0
16,09,-114.6594139607683,44.389055086057056,-72.73825767764087,41.575164149895755,2019-07-02,10,172.0
16,10,-114.6594139607683,44.389055086057056,-75.45249262811352,38.99497528640457,2019-07-02,4,68.0
16,11,-114.6594139607683,44.389055086057056,-77.0162909035438,38.90477388790585,2019-07-02,31,534.0
16,12,-114.6594139607683,44.389055086057056,-82.46641838867941,28.477058414990193,2019-07-02,278,4795.0
16,13,-114.6594139607683,44.389055086057056,-83.42714021377525,32.63861711465618,2019-07-02,109,1880.0
16,15,-114.6594139607683,44.389055086057056,-158.1099738068461,20.995111199008356,2019-07-02,160,2759.0
16,16,-114.6594139607683,44.389055086057056,-114.6594139607683,44.389055086057056,2019-07-02,186045,3209026.0
16,17,-114.6594139607683,44.389055086057056,-89.14863899339443,40.124200826969364,2019-07-02,180,3104.0
16,18,-114.6594139607683,44.389055086057056,-86.28183838774677,39.919869617318085,2019-07-02,93,1604.0
16,19,-114.6594139607683,44.389055086057056,-93.50009011569544,42.07464832674591,2019-07-02,151,2604.0
16,20,-114.6594139607683,44.389055086057056,-98.38015540415404,38.484727072453566,2019-07-02,265,4570.0
16,21,-114.6594139607683,44.389055086057056,-85.29055223275348,37.5266141736611,2019-07-02,54,931.0
16,22,-114.6594139607683,44.389055086057056,-91.81423318426776,30.909072897746587,2019-07-02,33,569.0
16,23,-114.6594139607683,44.389055086057056,-69.20275986278288,45.27432853102379,2019-07-02,70,1207.0
16,24,-114.6594139607683,44.389055086057056,-76.68717734070172,38.94649396258224,2019-07-02,24,413.0
16,25,-114.6594139607683,44.389055086057056,-71.503972041848,42.16009326868467,2019-07-02,25,431.0
16,26,-114.6594139607683,44.389055086057056,-85.73095291151436,44.874773603554175,2019-07-02,139,2397.0
16,27,-114.6594139607683,44.389055086057056,-94.19830560457335,46.3491103788664,2019-07-02,113,1949.0
16,28,-114.6594139607683,44.389055086057056,-89.6533594096457,32.712892273261986,2019-07-02,97,1673.0
16,29,-114.6594139607683,44.389055086057056,-92.4774251950813,38.3676304410753,2019-07-02,143,2466.0
16,30,-114.6594139607683,44.389055086057056,-109.64520698796639,47.03342111039991,2019-07-02,850,14661.0
16,31,-114.6594139607683,44.389055086057056,-99.81085586033895,41.527151125231704,2019-07-02,131,2259.0
16,32,-114.6594139607683,44.389055086057056,-116.65524866805762,39.356185873030874,2019-07-02,702,12108.0
16,33,-114.6594139607683,44.389055086057056,-71.57124316745634,43.6802370603039,2019-07-02,6,103.0
16,34,-114.6594139607683,44.389055086057056,-74.65561230865505,40.11017985292258,2019-07-02,39,672.0
16,35,-114.6594139607683,44.389055086057056,-106.1084438818861,34.42130099474041,2019-07-02,88,1517.0
16,36,-114.6594139607683,44.389055086057056,-75.59654322164518,42.92123354806042,2019-07-02,241,4156.0
16,37,-114.6594139607683,44.389055086057056,-79.13090891837648,35.52603039243236,2019-07-02,116,2000.0
16,38,-114.6594139607683,44.389055086057056,-100.4693907950372,47.446310421753914,2019-07-02,132,2276.0
16,39,-114.6594139607683,44.389055086057056,-82.70937700691621,40.415486910016135,2019-07-02,137,2363.0
16,40,-114.6594139607683,44.389055086057056,-97.50822793037422,35.583464652524235,2019-07-02,131,2259.0
16,41,-114.6594139607683,44.389055086057056,-120.60525631019901,43.94045138675371,2019-07-02,2561,44173.0
16,42,-114.6594139607683,44.389055086057056,-77.83893800628347,40.896700506452106,2019-07-02,64,1103.0
16,44,-114.6594139607683,44.389055086057056,-71.52472355562169,41.59463889844585,2019-07-02,7,120.0
16,45,-114.6594139607683,44.389055086057056,-80.86459715523999,33.87785606967731,2019-07-02,48,827.0
16,46,-114.6594139607683,44.389055086057056,-100.23046550270404,44.43613758926095,2019-07-02,151,2604.0
16,47,-114.6594139607683,44.389055086057056,-86.34341233023729,35.84298014361061,2019-07-02,83,1431.0
16,48,-114.6594139607683,44.389055086057056,-99.31712096957119,31.447212191842507,2019-07-02,512,8831.0
16,49,-114.6594139607683,44.389055086057056,-111.67824995489637,39.32376871301901,2019-07-02,2906,50124.0
16,50,-114.6594139607683,44.389055086057056,-72.66263037415419,44.075248233178044,2019-07-02,9,155.0
16,51,-114.6594139607683,44.389055086057056,-78.66634949421768,37.510873096830124,2019-07-02,81,1397.0
16,53,-114.6594139607683,44.389055086057056,-120.59289987466929,47.41163921872467,2019-07-02,4939,85191.0
16,54,-114.6594139607683,44.389055086057056,-80.61370689717069,38.64256709677395,2019-07-02,7,120.0
16,55,-114.6594139607683,44.389055086057056,-89.73293305821664,44.63994410730462,2019-07-02,101,1742.0
16,56,-114.6594139607683,44.389055086057056,-107.55139421018254,42.9995374625361,2019-07-02,788,13591.0
16,72,-114.6594139607683,44.389055086057056,-66.41466678397286,18.21569833731172,2019-07-02,1,17.0
17,01,-89.14863899339443,40.124200826969364,-86.8445209956579,32.75687994183124,2019-07-02,1470,21493.0
17,02,-89.14863899339443,40.124200826969364,-151.59342192189865,63.742989015090714,2019-07-02,332,4854.0
17,04,-89.14863899339443,40.124200826969364,-111.6644603390921,34.29309519459149,2019-07-02,1546,22605.0
17,05,-89.14863899339443,40.124200826969364,-92.43923686174863,34.8997724175194,2019-07-02,1156,16902.0
17,06,-89.14863899339443,40.124200826969364,-119.6638458867405,37.21530826027419,2019-07-02,5460,79834.0
17,08,-89.14863899339443,40.124200826969364,-105.5478211203382,38.99853159698931,2019-07-02,4902,71675.0
17,09,-89.14863899339443,40.124200826969364,-72.73825767764087,41.575164149895755,2019-07-02,324,4737.0
17,10,-89.14863899339443,40.124200826969364,-75.45249262811352,38.99497528640457,2019-07-02,138,2017.0
17,11,-89.14863899339443,40.124200826969364,-77.0162909035438,38.90477388790585,2019-07-02,440,6433.0
17,12,-89.14863899339443,40.124200826969364,-82.46641838867941,28.477058414990193,2019-07-02,11546,168822.0
17,13,-89.14863899339443,40.124200826969364,-83.42714021377525,32.63861711465618,2019-07-02,2856,41759.0
17,15,-89.14863899339443,40.124200826969364,-158.1099738068461,20.995111199008356,2019-07-02,865,12647.0
17,16,-89.14863899339443,40.124200826969364,-114.6594139607683,44.389055086057056,2019-07-02,230,3362.0
17,17,-89.14863899339443,40.124200826969364,-89.14863899339443,40.124200826969364,2019-07-02,1763419,25784211.0
17,18,-89.14863899339443,40.124200826969364,-86.28183838774677,39.919869617318085,2019-07-02,18224,266466.0
17,19,-89.14863899339443,40.124200826969364,-93.50009011569544,42.07464832674591,2019-07-02,8926,130513.0
17,20,-89.14863899339443,40.124200826969364,-98.38015540415404,38.484727072453566,2019-07-02,2951,43148.0
17,21,-89.14863899339443,40.124200826969364,-85.29055223275348,37.5266141736611,2019-07-02,3891,56893.0
17,22,-89.14863899339443,40.124200826969364,-91.81423318426776,30.909072897746587,2019-07-02,841,12296.0
17,23,-89.14863899339443,40.124200826969364,-69.20275986278288,45.27432853102379,2019-07-02,375,5483.0
17,24,-89.14863899339443,40.124200826969364,-76.68717734070172,38.94649396258224,2019-07-02,1036,15148.0
17,25,-89.14863899339443,40.124200826969364,-71.503972041848,42.16009326868467,2019-07-02,1209,17677.0
17,26,-89.14863899339443,40.124200826969364,-85.73095291151436,44.874773603554175,2019-07-02,9883,144506.0
17,27,-89.14863899339443,40.124200826969364,-94.19830560457335,46.3491103788664,2019-07-02,2723,39814.0
17,28,-89.14863899339443,40.124200826969364,-89.6533594096457,32.712892273261986,2019-07-02,714,10439.0
17,29,-89.14863899339443,40.124200826969364,-92.4774251950813,38.3676304410753,2019-07-02,22166,324104.0
17,30,-89.14863899339443,40.124200826969364,-109.64520698796639,47.03342111039991,2019-07-02,514,7515.0
17,31,-89.14863899339443,40.124200826969364,-99.81085586033895,41.527151125231704,2019-07-02,985,14402.0
17,32,-89.14863899339443,40.124200826969364,-116.65524866805762,39.356185873030874,2019-07-02,1452,21230.0
17,33,-89.14863899339443,40.124200826969364,-71.57124316745634,43.6802370603039,2019-07-02,151,2207.0
17,34,-89.14863899339443,40.124200826969364,-74.65561230865505,40.11017985292258,2019-07-02,1125,16449.0
17,35,-89.14863899339443,40.124200826969364,-106.1084438818861,34.42130099474041,2019-07-02,387,5658.0
17,36,-89.14863899339443,40.124200826969364,-75.59654322164518,42.92123354806042,2019-07-02,3692,53983.0
17,37,-89.14863899339443,40.124200826969364,-79.13090891837648,35.52603039243236,2019-07-02,1918,28044.0
17,38,-89.14863899339443,40.124200826969364,-100.4693907950372,47.446310421753914,2019-07-02,184,2690.0
17,39,-89.14863899339443,40.124200826969364,-82.70937700691621,40.415486910016135,2019-07-02,4061,59378.0
17,40,-89.14863899339443,40.124200826969364,-97.50822793037422,35.583464652524235,2019-07-02,886,12954.0
17,41,-89.14863899339443,40.124200826969364,-120.60525631019901,43.94045138675371,2019-07-02,486,7106.0
17,42,-89.14863899339443,40.124200826969364,-77.83893800628347,40.896700506452106,2019-07-02,2378,34770.0
17,44,-89.14863899339443,40.124200826969364,-71.52472355562169,41.59463889844585,2019-07-02,216,3158.0
17,45,-89.14863899339443,40.124200826969364,-80.86459715523999,33.87785606967731,2019-07-02,2080,30413.0
17,46,-89.14863899339443,40.124200826969364,-100.23046550270404,44.43613758926095,2019-07-02,865,12647.0
17,47,-89.14863899339443,40.124200826969364,-86.34341233023729,35.84298014361061,2019-07-02,4181,61133.0
17,48,-89.14863899339443,40.124200826969364,-99.31712096957119,31.447212191842507,2019-07-02,5351,78240.0
17,49,-89.14863899339443,40.124200826969364,-111.67824995489637,39.32376871301901,2019-07-02,670,9796.0
17,50,-89.14863899339443,40.124200826969364,-72.66263037415419,44.075248233178044,2019-07-02,131,1915.0
17,51,-89.14863899339443,40.124200826969364,-78.66634949421768,37.510873096830124,2019-07-02,1330,19446.0
17,53,-89.14863899339443,40.124200826969364,-120.59289987466929,47.41163921872467,2019-07-02,1078,15762.0
17,54,-89.14863899339443,40.124200826969364,-80.61370689717069,38.64256709677395,2019-07-02,477,6974.0
17,55,-89.14863899339443,40.124200826969364,-89.73293305821664,44.63994410730462,2019-07-02,19993,292331.0
17,56,-89.14863899339443,40.124200826969364,-107.55139421018254,42.9995374625361,2019-07-02,540,7895.0
17,72,-89.14863899339443,40.124200826969364,-66.41466678397286,18.21569833731172,2019-07-02,88,1286.0
18,01,-86.28183838774677,39.919869617318085,-86.8445209956579,32.75687994183124,2019-07-02,1414,19960.0
18,02,-86.28183838774677,39.919869617318085,-151.59342192189865,63.742989015090714,2019-07-02,198,2794.0
18,04,-86.28183838774677,39.919869617318085,-111.6644603390921,34.29309519459149,2019-07-02,648,9147.0
18,05,-86.28183838774677,39.919869617318085,-92.43923686174863,34.8997724175194,2019-07-02,436,6154.0
18,06,-86.28183838774677,39.919869617318085,-119.6638458867405,37.21530826027419,2019-07-02,2160,30490.0
18,08,-86.28183838774677,39.919869617318085,-105.5478211203382,38.99853159698931,2019-07-02,1919,27088.0
18,09,-86.28183838774677,39.919869617318085,-72.73825767764087,41.575164149895755,2019-07-02,203,2865.0
18,10,-86.28183838774677,39.919869617318085,-75.45249262811352,38.99497528640457,2019-07-02,103,1453.0
18,11,-86.28183838774677,39.919869617318085,-77.0162909035438,38.90477388790585,2019-07-02,206,2907.0
18,12,-86.28183838774677,39.919869617318085,-82.46641838867941,28.477058414990193,2019-07-02,9974,140793.0
18,13,-86.28183838774677,39.919869617318085,-83.42714021377525,32.63861711465618,2019-07-02,1948,27498.0
18,15,-86.28183838774677,39.919869617318085,-158.1099738068461,20.995111199008356,2019-07-02,290,4093.0
18,16,-86.28183838774677,39.919869617318085,-114.6594139607683,44.389055086057056,2019-07-02,153,2159.0
18,17,-86.28183838774677,39.919869617318085,-89.14863899339443,40.124200826969364,2019-07-02,19242,271621.0
18,18,-86.28183838774677,39.919869617318085,-86.28183838774677,39.919869617318085,2019-07-02,911786,12870860.0
18,19,-86.28183838774677,39.919869617318085,-93.50009011569544,42.07464832674591,2019-07-02,762,10756.0
18,20,-86.28183838774677,39.919869617318085,-98.38015540415404,38.484727072453566,2019-07-02,1777,25084.0
18,21,-86.28183838774677,39.919869617318085,-85.29055223275348,37.5266141736611,2019-07-02,12325,173980.0
18,22,-86.28183838774677,39.919869617318085,-91.81423318426776,30.909072897746587,2019-07-02,674,9514.0
18,23,-86.28183838774677,39.919869617318085,-69.20275986278288,45.27432853102379,2019-07-02,242,3416.0
18,24,-86.28183838774677,39.919869617318085,-76.68717734070172,38.94649396258224,2019-07-02,534,7537.0
18,25,-86.28183838774677,39.919869617318085,-71.503972041848,42.16009326868467,2019-07-02,600,8469.0
18,26,-86.28183838774677,39.919869617318085,-85.73095291151436,44.874773603554175,2019-07-02,9715,137137.0
18,27,-86.28183838774677,39.919869617318085,-94.19830560457335,46.3491103788664,2019-07-02,891,12577.0
18,28,-86.28183838774677,39.919869617318085,-89.6533594096457,32.712892273261986,2019-07-02,461,6507.0
18,29,-86.28183838774677,39.919869617318085,-92.4774251950813,38.3676304410753,2019-07-02,2399,33864.0
18,30,-86.28183838774677,39.919869617318085,-109.64520698796639,47.03342111039991,2019-07-02,259,3656.0
18,31,-86.28183838774677,39.919869617318085,-99.81085586033895,41.527151125231704,2019-07-02,214,3020.0
18,32,-86.28183838774677,39.919869617318085,-116.65524866805762,39.356185873030874,2019-07-02,641,9048.0
18,33,-86.28183838774677,39.919869617318085,-71.57124316745634,43.6802370603039,2019-07-02,91,1284.0
18,34,-86.28183838774677,39.919869617318085,-74.65561230865505,40.11017985292258,2019-07-02,572,8074.0
18,35,-86.28183838774677,39.919869617318085,-106.1084438818861,34.42130099474041,2019-07-02,280,3952.0
18,36,-86.28183838774677,39.919869617318085,-75.59654322164518,42.92123354806042,2019-07-02,1785,25197.0
18,37,-86.28183838774677,39.919869617318085,-79.13090891837648,35.52603039243236,2019-07-02,1787,25225.0
18,38,-86.28183838774677,39.919869617318085,-100.4693907950372,47.446310421753914,2019-07-02,98,1383.0
18,39,-86.28183838774677,39.919869617318085,-82.70937700691621,40.415486910016135,2019-07-02,9873,139368.0
18,40,-86.28183838774677,39.919869617318085,-97.50822793037422,35.583464652524235,2019-07-02,389,5491.0
18,41,-86.28183838774677,39.919869617318085,-120.60525631019901,43.94045138675371,2019-07-02,272,3839.0
18,42,-86.28183838774677,39.919869617318085,-77.83893800628347,40.896700506452106,2019-07-02,1604,22642.0
18,44,-86.28183838774677,39.919869617318085,-71.52472355562169,41.59463889844585,2019-07-02,68,959.0
18,45,-86.28183838774677,39.919869617318085,-80.86459715523999,33.87785606967731,2019-07-02,2619,36970.0
18,46,-86.28183838774677,39.919869617318085,-100.23046550270404,44.43613758926095,2019-07-02,302,4263.0
18,47,-86.28183838774677,39.919869617318085,-86.34341233023729,35.84298014361061,2019-07-02,4404,62167.0
18,48,-86.28183838774677,39.919869617318085,-99.31712096957119,31.447212191842507,2019-07-02,2286,32269.0
18,49,-86.28183838774677,39.919869617318085,-111.67824995489637,39.32376871301901,2019-07-02,388,5477.0
18,50,-86.28183838774677,39.919869617318085,-72.66263037415419,44.075248233178044,2019-07-02,53,748.0
18,51,-86.28183838774677,39.919869617318085,-78.66634949421768,37.510873096830124,2019-07-02,1255,17715.0
18,53,-86.28183838774677,39.919869617318085,-120.59289987466929,47.41163921872467,2019-07-02,452,6380.0
18,54,-86.28183838774677,39.919869617318085,-80.61370689717069,38.64256709677395,2019-07-02,345,4870.0
18,55,-86.28183838774677,39.919869617318085,-89.73293305821664,44.63994410730462,2019-07-02,1860,26255.0
18,56,-86.28183838774677,39.919869617318085,-107.55139421018254,42.9995374625361,2019-07-02,306,4319.0
18,72,-86.28183838774677,39.919869617318085,-66.41466678397286,18.21569833731172,2019-07-02,48,677.0
19,01,-93.50009011569544,42.07464832674591,-86.8445209956579,32.75687994183124,2019-07-02,298,4039.0
19,02,-93.50009011569544,42.07464832674591,-151.59342192189865,63.742989015090714,2019-07-02,97,1314.0
19,04,-93.50009011569544,42.07464832674591,-111.6644603390921,34.29309519459149,2019-07-02,435,5896.0
19,05,-93.50009011569544,42.07464832674591,-92.43923686174863,34.8997724175194,2019-07-02,320,4337.0
19,06,-93.50009011569544,42.07464832674591,-119.6638458867405,37.21530826027419,2019-07-02,1051,14247.0
19,08,-93.50009011569544,42.07464832674591,-105.5478211203382,38.99853159698931,2019-07-02,1728,23425.0
19,09,-93.50009011569544,42.07464832674591,-72.73825767764087,41.575164149895755,2019-07-02,82,1111.0
19,10,-93.50009011569544,42.07464832674591,-75.45249262811352,38.99497528640457,2019-07-02,23,311.0
19,11,-93.50009011569544,42.07464832674591,-77.0162909035438,38.90477388790585,2019-07-02,83,1125.0
19,12,-93.50009011569544,42.07464832674591,-82.46641838867941,28.477058414990193,2019-07-02,1607,21784.0
19,13,-93.50009011569544,42.07464832674591,-83.42714021377525,32.63861711465618,2019-07-02,415,5625.0
19,15,-93.50009011569544,42.07464832674591,-158.1099738068461,20.995111199008356,2019-07-02,125,1694.0
19,16,-93.50009011569544,42.07464832674591,-114.6594139607683,44.389055086057056,2019-07-02,128,1735.0
19,17,-93.50009011569544,42.07464832674591,-89.14863899339443,40.124200826969364,2019-07-02,6039,81866.0
19,18,-93.50009011569544,42.07464832674591,-86.28183838774677,39.919869617318085,2019-07-02,1111,15060.0
19,19,-93.50009011569544,42.07464832674591,-93.50009011569544,42.07464832674591,2019-07-02,461328,6253873.0
19,20,-93.50009011569544,42.07464832674591,-98.38015540415404,38.484727072453566,2019-07-02,1143,15494.0
19,21,-93.50009011569544,42.07464832674591,-85.29055223275348,37.5266141736611,2019-07-02,310,4202.0
19,22,-93.50009011569544,42.07464832674591,-91.81423318426776,30.909072897746587,2019-07-02,191,2589.0
19,23,-93.50009011569544,42.07464832674591,-69.20275986278288,45.27432853102379,2019-07-02,65,881.0
19,24,-93.50009011569544,42.07464832674591,-76.68717734070172,38.94649396258224,2019-07-02,111,1504.0
19,25,-93.50009011569544,42.07464832674591,-71.503972041848,42.16009326868467,2019-07-02,153,2074.0
19,26,-93.50009011569544,42.07464832674591,-85.73095291151436,44.874773603554175,2019-07-02,853,11563.0
19,27,-93.50009011569544,42.07464832674591,-94.19830560457335,46.3491103788664,2019-07-02,3918,53113.0
19,28,-93.50009011569544,42.07464832674591,-89.6533594096457,32.712892273261986,2019-07-02,187,2535.0
19,29,-93.50009011569544,42.07464832674591,-92.4774251950813,38.3676304410753,2019-07-02,3505,47514.0
19,30,-93.50009011569544,42.07464832674591,-109.64520698796639,47.03342111039991,2019-07-02,264,3578.0
19,31,-93.50009011569544,42.07464832674591,-99.81085586033895,41.527151125231704,2019-07-02,7206,97686.0
19,32,-93.50009011569544,42.07464832674591,-116.65524866805762,39.356185873030874,2019-07-02,263,3565.0
19,33,-93.50009011569544,42.07464832674591,-71.57124316745634,43.6802370603039,2019-07-02,45,610.0
19,34,-93.50009011569544,42.07464832674591,-74.65561230865505,40.11017985292258,2019-07-02,128,1735.0
19,35,-93.50009011569544,42.07464832674591,-106.1084438818861,34.42130099474041,2019-07-02,115,1558.0
19,36,-93.50009011569544,42.07464832674591,-75.59654322164518,42.92123354806042,2019-07-02,595,8065.0
19,37,-93.50009011569544,42.07464832674591,-79.13090891837648,35.52603039243236,2019-07-02,417,5652.0
19,38,-93.50009011569544,42.07464832674591,-100.4693907950372,47.446310421753914,2019-07-02,111,1504.0
19,39,-93.50009011569544,42.07464832674591,-82.70937700691621,40.415486910016135,2019-07-02,662,8974.0
19,40,-93.50009011569544,42.07464832674591,-97.50822793037422,35.583464652524235,2019-07-02,372,5042.0
19,41,-93.50009011569544,42.07464832674591,-120.60525631019901,43.94045138675371,2019-07-02,179,2426.0
19,42,-93.50009011569544,42.07464832674591,-77.83893800628347,40.896700506452106,2019-07-02,376,5097.0
19,44,-93.50009011569544,42.07464832674591,-71.52472355562169,41.59463889844585,2019-07-02,38,515.0
19,45,-93.50009011569544,42.07464832674591,-80.86459715523999,33.87785606967731,2019-07-02,253,3429.0
19,46,-93.50009011569544,42.07464832674591,-100.23046550270404,44.43613758926095,2019-07-02,2050,27790.0
19,47,-93.50009011569544,42.07464832674591,-86.34341233023729,35.84298014361061,2019-07-02,563,7632.0
19,48,-93.50009011569544,42.07464832674591,-99.31712096957119,31.447212191842507,2019-07-02,1304,17677.0
19,49,-93.50009011569544,42.07464832674591,-111.67824995489637,39.32376871301901,2019-07-02,334,4527.0
19,50,-93.50009011569544,42.07464832674591,-72.66263037415419,44.075248233178044,2019-07-02,14,189.0
19,51,-93.50009011569544,42.07464832674591,-78.66634949421768,37.510873096830124,2019-07-02,279,3782.0
19,53,-93.50009011569544,42.07464832674591,-120.59289987466929,47.41163921872467,2019-07-02,344,4663.0
19,54,-93.50009011569544,42.07464832674591,-80.61370689717069,38.64256709677395,2019-07-02,67,908.0
19,55,-93.50009011569544,42.07464832674591,-89.73293305821664,44.63994410730462,2019-07-02,2778,37659.0
19,56,-93.50009011569544,42.07464832674591,-107.55139421018254,42.9995374625361,2019-07-02,270,3660.0
19,72,-93.50009011569544,42.07464832674591,-66.41466678397286,18.21569833731172,2019-07-02,3,40.0
20,01,-98.38015540415404,38.484727072453566,-86.8445209956579,32.75687994183124,2019-07-02,477,6342.0
20,02,-98.38015540415404,38.484727072453566,-151.59342192189865,63.742989015090714,2019-07-02,83,1103.0
20,04,-98.38015540415404,38.484727072453566,-111.6644603390921,34.29309519459149,2019-07-02,419,5571.0
20,05,-98.38015540415404,38.484727072453566,-92.43923686174863,34.8997724175194,2019-07-02,922,12259.0
20,06,-98.38015540415404,38.484727072453566,-119.6638458867405,37.21530826027419,2019-07-02,1652,21965.0
20,08,-98.38015540415404,38.484727072453566,-105.5478211203382,38.99853159698931,2019-07-02,3960,52652.0
20,09,-98.38015540415404,38.484727072453566,-72.73825767764087,41.575164149895755,2019-07-02,54,717.0
20,10,-98.38015540415404,38.484727072453566,-75.45249262811352,38.99497528640457,2019-07-02,53,704.0
20,11,-98.38015540415404,38.484727072453566,-77.0162909035438,38.90477388790585,2019-07-02,108,1435.0
20,12,-98.38015540415404,38.484727072453566,-82.46641838867941,28.477058414990193,2019-07-02,2105,27988.0
20,13,-98.38015540415404,38.484727072453566,-83.42714021377525,32.63861711465618,2019-07-02,539,7166.0
20,15,-98.38015540415404,38.484727072453566,-158.1099738068461,20.995111199008356,2019-07-02,262,3483.0
20,16,-98.38015540415404,38.484727072453566,-114.6594139607683,44.389055086057056,2019-07-02,142,1888.0
20,17,-98.38015540415404,38.484727072453566,-89.14863899339443,40.124200826969364,2019-07-02,1816,24145.0
20,18,-98.38015540415404,38.484727072453566,-86.28183838774677,39.919869617318085,2019-07-02,910,12099.0
20,19,-98.38015540415404,38.484727072453566,-93.50009011569544,42.07464832674591,2019-07-02,984,13083.0
20,20,-98.38015540415404,38.484727072453566,-98.38015540415404,38.484727072453566,2019-07-02,437556,5817831.0
20,21,-98.38015540415404,38.484727072453566,-85.29055223275348,37.5266141736611,2019-07-02,351,4666.0
20,22,-98.38015540415404,38.484727072453566,-91.81423318426776,30.909072897746587,2019-07-02,225,2991.0
20,23,-98.38015540415404,38.484727072453566,-69.20275986278288,45.27432853102379,2019-07-02,79,1050.0
20,24,-98.38015540415404,38.484727072453566,-76.68717734070172,38.94649396258224,2019-07-02,127,1688.0
20,25,-98.38015540415404,38.484727072453566,-71.503972041848,42.16009326868467,2019-07-02,411,5464.0
20,26,-98.38015540415404,38.484727072453566,-85.73095291151436,44.874773603554175,2019-07-02,452,6009.0
20,27,-98.38015540415404,38.484727072453566,-94.19830560457335,46.3491103788664,2019-07-02,800,10636.0
20,28,-98.38015540415404,38.484727072453566,-89.6533594096457,32.712892273261986,2019-07-02,263,3496.0
20,29,-98.38015540415404,38.484727072453566,-92.4774251950813,38.3676304410753,2019-07-02,24550,326421.0
20,30,-98.38015540415404,38.484727072453566,-109.64520698796639,47.03342111039991,2019-07-02,210,2792.0
20,31,-98.38015540415404,38.484727072453566,-99.81085586033895,41.527151125231704,2019-07-02,1447,19239.0
20,32,-98.38015540415404,38.484727072453566,-116.65524866805762,39.356185873030874,2019-07-02,303,4028.0
20,33,-98.38015540415404,38.484727072453566,-71.57124316745634,43.6802370603039,2019-07-02,24,319.0
20,34,-98.38015540415404,38.484727072453566,-74.65561230865505,40.11017985292258,2019-07-02,156,2074.0
20,35,-98.38015540415404,38.484727072453566,-106.1084438818861,34.42130099474041,2019-07-02,336,4467.0
20,36,-98.38015540415404,38.484727072453566,-75.59654322164518,42.92123354806042,2019-07-02,523,6953.0
20,37,-98.38015540415404,38.484727072453566,-79.13090891837648,35.52603039243236,2019-07-02,343,4560.0
20,38,-98.38015540415404,38.484727072453566,-100.4693907950372,47.446310421753914,2019-07-02,137,1821.0
20,39,-98.38015540415404,38.484727072453566,-82.70937700691621,40.415486910016135,2019-07-02,479,6368.0
20,40,-98.38015540415404,38.484727072453566,-97.50822793037422,35.583464652524235,2019-07-02,3222,42840.0
20,41,-98.38015540415404,38.484727072453566,-120.60525631019901,43.94045138675371,2019-07-02,139,1848.0
20,42,-98.38015540415404,38.484727072453566,-77.83893800628347,40.896700506452106,2019-07-02,330,4387.0
20,44,-98.38015540415404,38.484727072453566,-71.52472355562169,41.59463889844585,2019-07-02,31,412.0
20,45,-98.38015540415404,38.484727072453566,-80.86459715523999,33.87785606967731,2019-07-02,317,4214.0
20,46,-98.38015540415404,38.484727072453566,-100.23046550270404,44.43613758926095,2019-07-02,396,5265.0
20,47,-98.38015540415404,38.484727072453566,-86.34341233023729,35.84298014361061,2019-07-02,609,8097.0
20,48,-98.38015540415404,38.484727072453566,-99.31712096957119,31.447212191842507,2019-07-02,3018,40127.0
20,49,-98.38015540415404,38.484727072453566,-111.67824995489637,39.32376871301901,2019-07-02,319,4241.0
20,50,-98.38015540415404,38.484727072453566,-72.66263037415419,44.075248233178044,2019-07-02,23,305.0
20,51,-98.38015540415404,38.484727072453566,-78.66634949421768,37.510873096830124,2019-07-02,297,3948.0
20,53,-98.38015540415404,38.484727072453566,-120.59289987466929,47.41163921872467,2019-07-02,288,3829.0
20,54,-98.38015540415404,38.484727072453566,-80.61370689717069,38.64256709677395,2019-07-02,48,638.0
20,55,-98.38015540415404,38.484727072453566,-89.73293305821664,44.63994410730462,2019-07-02,424,5637.0
20,56,-98.38015540415404,38.484727072453566,-107.55139421018254,42.9995374625361,2019-07-02,253,3363.0
20,72,-98.38015540415404,38.484727072453566,-66.41466678397286,18.21569833731172,2019-07-02,7,93.0
21,01,-85.29055223275348,37.5266141736611,-86.8445209956579,32.75687994183124,2019-07-02,1754,24650.0
21,02,-85.29055223275348,37.5266141736611,-151.59342192189865,63.742989015090714,2019-07-02,137,1925.0
21,04,-85.29055223275348,37.5266141736611,-111.6644603390921,34.29309519459149,2019-07-02,341,4792.0
21,05,-85.29055223275348,37.5266141736611,-92.43923686174863,34.8997724175194,2019-07-02,321,4511.0
21,06,-85.29055223275348,37.5266141736611,-119.6638458867405,37.21530826027419,2019-07-02,1347,18930.0
21,08,-85.29055223275348,37.5266141736611,-105.5478211203382,38.99853159698931,2019-07-02,885,12437.0
21,09,-85.29055223275348,37.5266141736611,-72.73825767764087,41.575164149895755,2019-07-02,156,2192.0
21,10,-85.29055223275348,37.5266141736611,-75.45249262811352,38.99497528640457,2019-07-02,70,983.0
21,11,-85.29055223275348,37.5266141736611,-77.0162909035438,38.90477388790585,2019-07-02,188,2642.0
21,12,-85.29055223275348,37.5266141736611,-82.46641838867941,28.477058414990193,2019-07-02,9979,140244.0
21,13,-85.29055223275348,37.5266141736611,-83.42714021377525,32.63861711465618,2019-07-02,2240,31480.0
21,15,-85.29055223275348,37.5266141736611,-158.1099738068461,20.995111199008356,2019-07-02,404,5677.0
21,16,-85.29055223275348,37.5266141736611,-114.6594139607683,44.389055086057056,2019-07-02,91,1278.0
21,17,-85.29055223275348,37.5266141736611,-89.14863899339443,40.124200826969364,2019-07-02,2345,32956.0
21,18,-85.29055223275348,37.5266141736611,-86.28183838774677,39.919869617318085,2019-07-02,9042,127075.0
21,19,-85.29055223275348,37.5266141736611,-93.50009011569544,42.07464832674591,2019-07-02,241,3386.0
21,20,-85.29055223275348,37.5266141736611,-98.38015540415404,38.484727072453566,2019-07-02,1157,16260.0
21,21,-85.29055223275348,37.5266141736611,-85.29055223275348,37.5266141736611,2019-07-02,604450,8494891.0
21,22,-85.29055223275348,37.5266141736611,-91.81423318426776,30.909072897746587,2019-07-02,442,6211.0
21,23,-85.29055223275348,37.5266141736611,-69.20275986278288,45.27432853102379,2019-07-02,197,2768.0
21,24,-85.29055223275348,37.5266141736611,-76.68717734070172,38.94649396258224,2019-07-02,411,5776.0
21,25,-85.29055223275348,37.5266141736611,-71.503972041848,42.16009326868467,2019-07-02,303,4258.0
21,26,-85.29055223275348,37.5266141736611,-85.73095291151436,44.874773603554175,2019-07-02,2234,31396.0
21,27,-85.29055223275348,37.5266141736611,-94.19830560457335,46.3491103788664,2019-07-02,298,4188.0
21,28,-85.29055223275348,37.5266141736611,-89.6533594096457,32.712892273261986,2019-07-02,363,5101.0
21,29,-85.29055223275348,37.5266141736611,-92.4774251950813,38.3676304410753,2019-07-02,1321,18565.0
21,30,-85.29055223275348,37.5266141736611,-109.64520698796639,47.03342111039991,2019-07-02,150,2108.0
21,31,-85.29055223275348,37.5266141736611,-99.81085586033895,41.527151125231704,2019-07-02,116,1630.0
21,32,-85.29055223275348,37.5266141736611,-116.65524866805762,39.356185873030874,2019-07-02,356,5003.0
21,33,-85.29055223275348,37.5266141736611,-71.57124316745634,43.6802370603039,2019-07-02,77,1082.0
21,34,-85.29055223275348,37.5266141736611,-74.65561230865505,40.11017985292258,2019-07-02,369,5185.0
21,35,-85.29055223275348,37.5266141736611,-106.1084438818861,34.42130099474041,2019-07-02,149,2094.0
21,36,-85.29055223275348,37.5266141736611,-75.59654322164518,42.92123354806042,2019-07-02,1055,14826.0
21,37,-85.29055223275348,37.5266141736611,-79.13090891837648,35.52603039243236,2019-07-02,1815,25507.0
21,38,-85.29055223275348,37.5266141736611,-100.4693907950372,47.446310421753914,2019-07-02,35,491.0
21,39,-85.29055223275348,37.5266141736611,-82.70937700691621,40.415486910016135,2019-07-02,13633,191597.0
21,40,-85.29055223275348,37.5266141736611,-97.50822793037422,35.583464652524235,2019-07-02,187,2628.0
21,41,-85.29055223275348,37.5266141736611,-120.60525631019901,43.94045138675371,2019-07-02,140,1967.0
21,42,-85.29055223275348,37.5266141736611,-77.83893800628347,40.896700506452106,2019-07-02,1020,14334.0
21,44,-85.29055223275348,37.5266141736611,-71.52472355562169,41.59463889844585,2019-07-02,67,941.0
21,45,-85.29055223275348,37.5266141736611,-80.86459715523999,33.87785606967731,2019-07-02,3578,50284.0
21,46,-85.29055223275348,37.5266141736611,-100.23046550270404,44.43613758926095,2019-07-02,121,1700.0
21,47,-85.29055223275348,37.5266141736611,-86.34341233023729,35.84298014361061,2019-07-02,10036,141045.0
21,48,-85.29055223275348,37.5266141736611,-99.31712096957119,31.447212191842507,2019-07-02,1705,23961.0
21,49,-85.29055223275348,37.5266141736611,-111.67824995489637,39.32376871301901,2019-07-02,211,2965.0
21,50,-85.29055223275348,37.5266141736611,-72.66263037415419,44.075248233178044,2019-07-02,77,1082.0
21,51,-85.29055223275348,37.5266141736611,-78.66634949421768,37.510873096830124,2019-07-02,1297,18227.0
21,53,-85.29055223275348,37.5266141736611,-120.59289987466929,47.41163921872467,2019-07-02,247,3471.0
21,54,-85.29055223275348,37.5266141736611,-80.61370689717069,38.64256709677395,2019-07-02,1856,26084.0
21,55,-85.29055223275348,37.5266141736611,-89.73293305821664,44.63994410730462,2019-07-02,397,5579.0
21,56,-85.29055223275348,37.5266141736611,-107.55139421018254,42.9995374625361,2019-07-02,126,1770.0
21,72,-85.29055223275348,37.5266141736611,-66.41466678397286,18.21569833731172,2019-07-02,22,309.0
22,01,-91.81423318426776,30.909072897746587,-86.8445209956579,32.75687994183124,2019-07-02,4698,63417.0
22,02,-91.81423318426776,30.909072897746587,-151.59342192189865,63.742989015090714,2019-07-02,129,1741.0
22,04,-91.81423318426776,30.909072897746587,-111.6644603390921,34.29309519459149,2019-07-02,258,3482.0
22,05,-91.81423318426776,30.909072897746587,-92.43923686174863,34.8997724175194,2019-07-02,2791,37675.0
22,06,-91.81423318426776,30.909072897746587,-119.6638458867405,37.21530826027419,2019-07-02,1566,21139.0
22,08,-91.81423318426776,30.909072897746587,-105.5478211203382,38.99853159698931,2019-07-02,1598,21571.0
22,09,-91.81423318426776,30.909072897746587,-72.73825767764087,41.575164149895755,2019-07-02,48,647.0
22,10,-91.81423318426776,30.909072897746587,-75.45249262811352,38.99497528640457,2019-07-02,26,350.0
22,11,-91.81423318426776,30.909072897746587,-77.0162909035438,38.90477388790585,2019-07-02,218,2942.0
22,12,-91.81423318426776,30.909072897746587,-82.46641838867941,28.477058414990193,2019-07-02,9555,128981.0
22,13,-91.81423318426776,30.909072897746587,-83.42714021377525,32.63861711465618,2019-07-02,2113,28522.0
22,15,-91.81423318426776,30.909072897746587,-158.1099738068461,20.995111199008356,2019-07-02,262,3536.0
22,16,-91.81423318426776,30.909072897746587,-114.6594139607683,44.389055086057056,2019-07-02,86,1160.0
22,17,-91.81423318426776,30.909072897746587,-89.14863899339443,40.124200826969364,2019-07-02,784,10583.0
22,18,-91.81423318426776,30.909072897746587,-86.28183838774677,39.919869617318085,2019-07-02,391,5278.0
22,19,-91.81423318426776,30.909072897746587,-93.50009011569544,42.07464832674591,2019-07-02,188,2537.0
22,20,-91.81423318426776,30.909072897746587,-98.38015540415404,38.484727072453566,2019-07-02,1286,17359.0
22,21,-91.81423318426776,30.909072897746587,-85.29055223275348,37.5266141736611,2019-07-02,433,5844.0
22,22,-91.81423318426776,30.909072897746587,-91.81423318426776,30.909072897746587,2019-07-02,750631,10132626.0
22,23,-91.81423318426776,30.909072897746587,-69.20275986278288,45.27432853102379,2019-07-02,98,1322.0
22,24,-91.81423318426776,30.909072897746587,-76.68717734070172,38.94649396258224,2019-07-02,247,3334.0
22,25,-91.81423318426776,30.909072897746587,-71.503972041848,42.16009326868467,2019-07-02,237,3199.0
22,26,-91.81423318426776,30.909072897746587,-85.73095291151436,44.874773603554175,2019-07-02,502,6776.0
22,27,-91.81423318426776,30.909072897746587,-94.19830560457335,46.3491103788664,2019-07-02,150,2024.0
22,28,-91.81423318426776,30.909072897746587,-89.6533594096457,32.712892273261986,2019-07-02,7332,98973.0
22,29,-91.81423318426776,30.909072897746587,-92.4774251950813,38.3676304410753,2019-07-02,1046,14119.0
22,30,-91.81423318426776,30.909072897746587,-109.64520698796639,47.03342111039991,2019-07-02,150,2024.0
22,31,-91.81423318426776,30.909072897746587,-99.81085586033895,41.527151125231704,2019-07-02,116,1565.0
22,32,-91.81423318426776,30.909072897746587,-116.65524866805762,39.356185873030874,2019-07-02,483,6519.0
22,33,-91.81423318426776,30.909072897746587,-71.57124316745634,43.6802370603039,2019-07-02,30,404.0
22,34,-91.81423318426776,30.909072897746587,-74.65561230865505,40.11017985292258,2019-07-02,189,2551.0
22,35,-91.81423318426776,30.909072897746587,-106.1084438818861,34.42130099474041,2019-07-02,365,4927.0
22,36,-91.81423318426776,30.909072897746587,-75.59654322164518,42.92123354806042,2019-07-02,864,11662.0
22,37,-91.81423318426776,30.909072897746587,-79.13090891837648,35.52603039243236,2019-07-02,886,11959.0
22,38,-91.81423318426776,30.909072897746587,-100.4693907950372,47.446310421753914,2019-07-02,61,823.0
22,39,-91.81423318426776,30.909072897746587,-82.70937700691621,40.415486910016135,2019-07-02,459,6195.0
22,40,-91.81423318426776,30.909072897746587,-97.50822793037422,35.583464652524235,2019-07-02,982,13255.0
22,41,-91.81423318426776,30.909072897746587,-120.60525631019901,43.94045138675371,2019-07-02,165,2227.0
22,42,-91.81423318426776,30.909072897746587,-77.83893800628347,40.896700506452106,2019-07-02,321,4333.0
22,44,-91.81423318426776,30.909072897746587,-71.52472355562169,41.59463889844585,2019-07-02,22,296.0
22,45,-91.81423318426776,30.909072897746587,-80.86459715523999,33.87785606967731,2019-07-02,579,7815.0
22,46,-91.81423318426776,30.909072897746587,-100.23046550270404,44.43613758926095,2019-07-02,72,971.0
22,47,-91.81423318426776,30.909072897746587,-86.34341233023729,35.84298014361061,2019-07-02,2324,31371.0
22,48,-91.81423318426776,30.909072897746587,-99.31712096957119,31.447212191842507,2019-07-02,16624,224404.0
22,49,-91.81423318426776,30.909072897746587,-111.67824995489637,39.32376871301901,2019-07-02,196,2645.0
22,50,-91.81423318426776,30.909072897746587,-72.66263037415419,44.075248233178044,2019-07-02,23,310.0
22,51,-91.81423318426776,30.909072897746587,-78.66634949421768,37.510873096830124,2019-07-02,765,10326.0
22,53,-91.81423318426776,30.909072897746587,-120.59289987466929,47.41163921872467,2019-07-02,307,4144.0
22,54,-91.81423318426776,30.909072897746587,-80.61370689717069,38.64256709677395,2019-07-02,118,1592.0
22,55,-91.81423318426776,30.909072897746587,-89.73293305821664,44.63994410730462,2019-07-02,168,2267.0
22,56,-91.81423318426776,30.909072897746587,-107.55139421018254,42.9995374625361,2019-07-02,182,2456.0
22,72,-91.81423318426776,30.909072897746587,-66.41466678397286,18.21569833731172,2019-07-02,17,229.0
23,01,-69.20275986278288,45.27432853102379,-86.8445209956579,32.75687994183124,2019-07-02,54,1010.0
23,02,-69.20275986278288,45.27432853102379,-151.59342192189865,63.742989015090714,2019-07-02,18,336.0
23,04,-69.20275986278288,45.27432853102379,-111.6644603390921,34.29309519459149,2019-07-02,46,861.0
23,05,-69.20275986278288,45.27432853102379,-92.43923686174863,34.8997724175194,2019-07-02,18,336.0
23,06,-69.20275986278288,45.27432853102379,-119.6638458867405,37.21530826027419,2019-07-02,243,4549.0
23,08,-69.20275986278288,45.27432853102379,-105.5478211203382,38.99853159698931,2019-07-02,104,1947.0
23,09,-69.20275986278288,45.27432853102379,-72.73825767764087,41.575164149895755,2019-07-02,280,5242.0
23,10,-69.20275986278288,45.27432853102379,-75.45249262811352,38.99497528640457,2019-07-02,33,617.0
23,11,-69.20275986278288,45.27432853102379,-77.0162909035438,38.90477388790585,2019-07-02,31,580.0
23,12,-69.20275986278288,45.27432853102379,-82.46641838867941,28.477058414990193,2019-07-02,445,8331.0
23,13,-69.20275986278288,45.27432853102379,-83.42714021377525,32.63861711465618,2019-07-02,194,3632.0
23,15,-69.20275986278288,45.27432853102379,-158.1099738068461,20.995111199008356,2019-07-02,15,280.0
23,16,-69.20275986278288,45.27432853102379,-114.6594139607683,44.389055086057056,2019-07-02,15,280.0
23,17,-69.20275986278288,45.27432853102379,-89.14863899339443,40.124200826969364,2019-07-02,129,2415.0
23,18,-69.20275986278288,45.27432853102379,-86.28183838774677,39.919869617318085,2019-07-02,58,1085.0
23,19,-69.20275986278288,45.27432853102379,-93.50009011569544,42.07464832674591,2019-07-02,43,805.0
23,20,-69.20275986278288,45.27432853102379,-98.38015540415404,38.484727072453566,2019-07-02,243,4549.0
23,21,-69.20275986278288,45.27432853102379,-85.29055223275348,37.5266141736611,2019-07-02,38,711.0
23,22,-69.20275986278288,45.27432853102379,-91.81423318426776,30.909072897746587,2019-07-02,45,842.0
23,23,-69.20275986278288,45.27432853102379,-69.20275986278288,45.27432853102379,2019-07-02,127190,2381261.0
23,24,-69.20275986278288,45.27432853102379,-76.68717734070172,38.94649396258224,2019-07-02,91,1703.0
23,25,-69.20275986278288,45.27432853102379,-71.503972041848,42.16009326868467,2019-07-02,2383,44614.0
23,26,-69.20275986278288,45.27432853102379,-85.73095291151436,44.874773603554175,2019-07-02,100,1872.0
23,27,-69.20275986278288,45.27432853102379,-94.19830560457335,46.3491103788664,2019-07-02,41,767.0
23,28,-69.20275986278288,45.27432853102379,-89.6533594096457,32.712892273261986,2019-07-02,21,393.0
23,29,-69.20275986278288,45.27432853102379,-92.4774251950813,38.3676304410753,2019-07-02,72,1347.0
23,30,-69.20275986278288,45.27432853102379,-109.64520698796639,47.03342111039991,2019-07-02,19,355.0
23,31,-69.20275986278288,45.27432853102379,-99.81085586033895,41.527151125231704,2019-07-02,32,599.0
23,32,-69.20275986278288,45.27432853102379,-116.65524866805762,39.356185873030874,2019-07-02,54,1010.0
23,33,-69.20275986278288,45.27432853102379,-71.57124316745634,43.6802370603039,2019-07-02,2903,54350.0
23,34,-69.20275986278288,45.27432853102379,-74.65561230865505,40.11017985292258,2019-07-02,208,3894.0
23,35,-69.20275986278288,45.27432853102379,-106.1084438818861,34.42130099474041,2019-07-02,15,280.0
23,36,-69.20275986278288,45.27432853102379,-75.59654322164518,42.92123354806042,2019-07-02,972,18197.0
23,37,-69.20275986278288,45.27432853102379,-79.13090891837648,35.52603039243236,2019-07-02,226,4231.0
23,38,-69.20275986278288,45.27432853102379,-100.4693907950372,47.446310421753914,2019-07-02,9,168.0
23,39,-69.20275986278288,45.27432853102379,-82.70937700691621,40.415486910016135,2019-07-02,411,7694.0
23,40,-69.20275986278288,45.27432853102379,-97.50822793037422,35.583464652524235,2019-07-02,34,636.0
23,41,-69.20275986278288,45.27432853102379,-120.60525631019901,43.94045138675371,2019-07-02,39,730.0
23,42,-69.20275986278288,45.27432853102379,-77.83893800628347,40.896700506452106,2019-07-02,412,7713.0
23,44,-69.20275986278288,45.27432853102379,-71.52472355562169,41.59463889844585,2019-07-02,122,2284.0
23,45,-69.20275986278288,45.27432853102379,-80.86459715523999,33.87785606967731,2019-07-02,88,1647.0
23,46,-69.20275986278288,45.27432853102379,-100.23046550270404,44.43613758926095,2019-07-02,15,280.0
23,47,-69.20275986278288,45.27432853102379,-86.34341233023729,35.84298014361061,2019-07-02,66,1235.0
23,48,-69.20275986278288,45.27432853102379,-99.31712096957119,31.447212191842507,2019-07-02,156,2920.0
23,49,-69.20275986278288,45.27432853102379,-111.67824995489637,39.32376871301901,2019-07-02,38,711.0
23,50,-69.20275986278288,45.27432853102379,-72.66263037415419,44.075248233178044,2019-07-02,146,2733.0
23,51,-69.20275986278288,45.27432853102379,-78.66634949421768,37.510873096830124,2019-07-02,335,6271.0
23,53,-69.20275986278288,45.27432853102379,-120.59289987466929,47.41163921872467,2019-07-02,36,673.0
23,54,-69.20275986278288,45.27432853102379,-80.61370689717069,38.64256709677395,2019-07-02,18,336.0
23,55,-69.20275986278288,45.27432853102379,-89.73293305821664,44.63994410730462,2019-07-02,41,767.0
23,56,-69.20275986278288,45.27432853102379,-107.55139421018254,42.9995374625361,2019-07-02,13,243.0
23,72,-69.20275986278288,45.27432853102379,-66.41466678397286,18.21569833731172,2019-07-02,2,37.0
24,01,-76.68717734070172,38.94649396258224,-86.8445209956579,32.75687994183124,2019-07-02,341,5553.0
24,02,-76.68717734070172,38.94649396258224,-151.59342192189865,63.742989015090714,2019-07-02,157,2556.0
24,04,-76.68717734070172,38.94649396258224,-111.6644603390921,34.29309519459149,2019-07-02,252,4104.0
24,05,-76.68717734070172,38.94649396258224,-92.43923686174863,34.8997724175194,2019-07-02,109,1775.0
24,06,-76.68717734070172,38.94649396258224,-119.6638458867405,37.21530826027419,2019-07-02,2031,33077.0
24,08,-76.68717734070172,38.94649396258224,-105.5478211203382,38.99853159698931,2019-07-02,1108,18045.0
24,09,-76.68717734070172,38.94649396258224,-72.73825767764087,41.575164149895755,2019-07-02,376,6123.0
24,10,-76.68717734070172,38.94649396258224,-75.45249262811352,38.99497528640457,2019-07-02,9090,148043.0
24,11,-76.68717734070172,38.94649396258224,-77.0162909035438,38.90477388790585,2019-07-02,31320,510092.0
24,12,-76.68717734070172,38.94649396258224,-82.46641838867941,28.477058414990193,2019-07-02,4723,76920.0
24,13,-76.68717734070172,38.94649396258224,-83.42714021377525,32.63861711465618,2019-07-02,1337,21775.0
24,15,-76.68717734070172,38.94649396258224,-158.1099738068461,20.995111199008356,2019-07-02,363,5911.0
24,16,-76.68717734070172,38.94649396258224,-114.6594139607683,44.389055086057056,2019-07-02,75,1221.0
24,17,-76.68717734070172,38.94649396258224,-89.14863899339443,40.124200826969364,2019-07-02,885,14413.0
24,18,-76.68717734070172,38.94649396258224,-86.28183838774677,39.919869617318085,2019-07-02,462,7524.0
24,19,-76.68717734070172,38.94649396258224,-93.50009011569544,42.07464832674591,2019-07-02,188,3061.0
24,20,-76.68717734070172,38.94649396258224,-98.38015540415404,38.484727072453566,2019-07-02,873,14218.0
24,21,-76.68717734070172,38.94649396258224,-85.29055223275348,37.5266141736611,2019-07-02,405,6596.0
24,22,-76.68717734070172,38.94649396258224,-91.81423318426776,30.909072897746587,2019-07-02,436,7100.0
24,23,-76.68717734070172,38.94649396258224,-69.20275986278288,45.27432853102379,2019-07-02,420,6840.0
24,24,-76.68717734070172,38.94649396258224,-76.68717734070172,38.94649396258224,2019-07-02,682333,11112793.0
24,25,-76.68717734070172,38.94649396258224,-71.503972041848,42.16009326868467,2019-07-02,1227,19983.0
24,26,-76.68717734070172,38.94649396258224,-85.73095291151436,44.874773603554175,2019-07-02,607,9885.0
24,27,-76.68717734070172,38.94649396258224,-94.19830560457335,46.3491103788664,2019-07-02,262,4267.0
24,28,-76.68717734070172,38.94649396258224,-89.6533594096457,32.712892273261986,2019-07-02,122,1986.0
24,29,-76.68717734070172,38.94649396258224,-92.4774251950813,38.3676304410753,2019-07-02,334,5439.0
24,30,-76.68717734070172,38.94649396258224,-109.64520698796639,47.03342111039991,2019-07-02,153,2491.0
24,31,-76.68717734070172,38.94649396258224,-99.81085586033895,41.527151125231704,2019-07-02,64,1042.0
24,32,-76.68717734070172,38.94649396258224,-116.65524866805762,39.356185873030874,2019-07-02,528,8599.0
24,33,-76.68717734070172,38.94649396258224,-71.57124316745634,43.6802370603039,2019-07-02,207,3371.0
24,34,-76.68717734070172,38.94649396258224,-74.65561230865505,40.11017985292258,2019-07-02,2868,46709.0
24,35,-76.68717734070172,38.94649396258224,-106.1084438818861,34.42130099474041,2019-07-02,168,2736.0
24,36,-76.68717734070172,38.94649396258224,-75.59654322164518,42.92123354806042,2019-07-02,3802,61921.0
24,37,-76.68717734070172,38.94649396258224,-79.13090891837648,35.52603039243236,2019-07-02,3381,55064.0
24,38,-76.68717734070172,38.94649396258224,-100.4693907950372,47.446310421753914,2019-07-02,42,684.0
24,39,-76.68717734070172,38.94649396258224,-82.70937700691621,40.415486910016135,2019-07-02,980,15960.0
24,40,-76.68717734070172,38.94649396258224,-97.50822793037422,35.583464652524235,2019-07-02,153,2491.0
24,41,-76.68717734070172,38.94649396258224,-120.60525631019901,43.94045138675371,2019-07-02,155,2524.0
24,42,-76.68717734070172,38.94649396258224,-77.83893800628347,40.896700506452106,2019-07-02,7763,126431.0
24,44,-76.68717734070172,38.94649396258224,-71.52472355562169,41.59463889844585,2019-07-02,196,3192.0
24,45,-76.68717734070172,38.94649396258224,-80.86459715523999,33.87785606967731,2019-07-02,2655,43240.0
24,46,-76.68717734070172,38.94649396258224,-100.23046550270404,44.43613758926095,2019-07-02,129,2100.0
24,47,-76.68717734070172,38.94649396258224,-86.34341233023729,35.84298014361061,2019-07-02,980,15960.0
24,48,-76.68717734070172,38.94649396258224,-99.31712096957119,31.447212191842507,2019-07-02,1232,20064.0
24,49,-76.68717734070172,38.94649396258224,-111.67824995489637,39.32376871301901,2019-07-02,171,2784.0
24,50,-76.68717734070172,38.94649396258224,-72.66263037415419,44.075248233178044,2019-07-02,110,1791.0
24,51,-76.68717734070172,38.94649396258224,-78.66634949421768,37.510873096830124,2019-07-02,20841,339426.0
24,53,-76.68717734070172,38.94649396258224,-120.59289987466929,47.41163921872467,2019-07-02,307,4999.0
24,54,-76.68717734070172,38.94649396258224,-80.61370689717069,38.64256709677395,2019-07-02,2124,34592.0
24,55,-76.68717734070172,38.94649396258224,-89.73293305821664,44.63994410730462,2019-07-02,306,4983.0
24,56,-76.68717734070172,38.94649396258224,-107.55139421018254,42.9995374625361,2019-07-02,99,1612.0
24,72,-76.68717734070172,38.94649396258224,-66.41466678397286,18.21569833731172,2019-07-02,55,895.0
25,01,-71.503972041848,42.16009326868467,-86.8445209956579,32.75687994183124,2019-07-02,144,2786.0
25,02,-71.503972041848,42.16009326868467,-151.59342192189865,63.742989015090714,2019-07-02,107,2070.0
25,04,-71.503972041848,42.16009326868467,-111.6644603390921,34.29309519459149,2019-07-02,274,5302.0
25,05,-71.503972041848,42.16009326868467,-92.43923686174863,34.8997724175194,2019-07-02,53,1025.0
25,06,-71.503972041848,42.16009326868467,-119.6638458867405,37.21530826027419,2019-07-02,2086,40370.0
25,08,-71.503972041848,42.16009326868467,-105.5478211203382,38.99853159698931,2019-07-02,442,8554.0
25,09,-71.503972041848,42.16009326868467,-72.73825767764087,41.575164149895755,2019-07-02,6579,127323.0
25,10,-71.503972041848,42.16009326868467,-75.45249262811352,38.99497528640457,2019-07-02,147,2844.0
25,11,-71.503972041848,42.16009326868467,-77.0162909035438,38.90477388790585,2019-07-02,282,5457.0
25,12,-71.503972041848,42.16009326868467,-82.46641838867941,28.477058414990193,2019-07-02,4210,81476.0
25,13,-71.503972041848,42.16009326868467,-83.42714021377525,32.63861711465618,2019-07-02,844,16333.0
25,15,-71.503972041848,42.16009326868467,-158.1099738068461,20.995111199008356,2019-07-02,315,6096.0
25,16,-71.503972041848,42.16009326868467,-114.6594139607683,44.389055086057056,2019-07-02,31,599.0
25,17,-71.503972041848,42.16009326868467,-89.14863899339443,40.124200826969364,2019-07-02,888,17185.0
25,18,-71.503972041848,42.16009326868467,-86.28183838774677,39.919869617318085,2019-07-02,393,7605.0
25,19,-71.503972041848,42.16009326868467,-93.50009011569544,42.07464832674591,2019-07-02,95,1838.0
25,20,-71.503972041848,42.16009326868467,-98.38015540415404,38.484727072453566,2019-07-02,1089,21075.0
25,21,-71.503972041848,42.16009326868467,-85.29055223275348,37.5266141736611,2019-07-02,240,4644.0
25,22,-71.503972041848,42.16009326868467,-91.81423318426776,30.909072897746587,2019-07-02,144,2786.0
25,23,-71.503972041848,42.16009326868467,-69.20275986278288,45.27432853102379,2019-07-02,5816,112557.0
25,24,-71.503972041848,42.16009326868467,-76.68717734070172,38.94649396258224,2019-07-02,636,12308.0
25,25,-71.503972041848,42.16009326868467,-71.503972041848,42.16009326868467,2019-07-02,677048,13102953.0
25,26,-71.503972041848,42.16009326868467,-85.73095291151436,44.874773603554175,2019-07-02,486,9405.0
25,27,-71.503972041848,42.16009326868467,-94.19830560457335,46.3491103788664,2019-07-02,201,3889.0
25,28,-71.503972041848,42.16009326868467,-89.6533594096457,32.712892273261986,2019-07-02,54,1045.0
25,29,-71.503972041848,42.16009326868467,-92.4774251950813,38.3676304410753,2019-07-02,234,4528.0
25,30,-71.503972041848,42.16009326868467,-109.64520698796639,47.03342111039991,2019-07-02,69,1335.0
25,31,-71.503972041848,42.16009326868467,-99.81085586033895,41.527151125231704,2019-07-02,35,677.0
25,32,-71.503972041848,42.16009326868467,-116.65524866805762,39.356185873030874,2019-07-02,415,8031.0
25,33,-71.503972041848,42.16009326868467,-71.57124316745634,43.6802370603039,2019-07-02,11790,228172.0
25,34,-71.503972041848,42.16009326868467,-74.65561230865505,40.11017985292258,2019-07-02,1831,35435.0
25,35,-71.503972041848,42.16009326868467,-106.1084438818861,34.42130099474041,2019-07-02,66,1277.0
25,36,-71.503972041848,42.16009326868467,-75.59654322164518,42.92123354806042,2019-07-02,7701,149037.0
25,37,-71.503972041848,42.16009326868467,-79.13090891837648,35.52603039243236,2019-07-02,1059,20494.0
25,38,-71.503972041848,42.16009326868467,-100.4693907950372,47.446310421753914,2019-07-02,14,270.0
25,39,-71.503972041848,42.16009326868467,-82.70937700691621,40.415486910016135,2019-07-02,744,14398.0
25,40,-71.503972041848,42.16009326868467,-97.50822793037422,35.583464652524235,2019-07-02,94,1819.0
25,41,-71.503972041848,42.16009326868467,-120.60525631019901,43.94045138675371,2019-07-02,171,3309.0
25,42,-71.503972041848,42.16009326868467,-77.83893800628347,40.896700506452106,2019-07-02,1431,27694.0
25,44,-71.503972041848,42.16009326868467,-71.52472355562169,41.59463889844585,2019-07-02,8114,157030.0
25,45,-71.503972041848,42.16009326868467,-80.86459715523999,33.87785606967731,2019-07-02,909,17591.0
25,46,-71.503972041848,42.16009326868467,-100.23046550270404,44.43613758926095,2019-07-02,40,774.0
25,47,-71.503972041848,42.16009326868467,-86.34341233023729,35.84298014361061,2019-07-02,372,7199.0
25,48,-71.503972041848,42.16009326868467,-99.31712096957119,31.447212191842507,2019-07-02,790,15288.0
25,49,-71.503972041848,42.16009326868467,-111.67824995489637,39.32376871301901,2019-07-02,206,3986.0
25,50,-71.503972041848,42.16009326868467,-72.66263037415419,44.075248233178044,2019-07-02,1341,25952.0
25,51,-71.503972041848,42.16009326868467,-78.66634949421768,37.510873096830124,2019-07-02,1060,20514.0
25,53,-71.503972041848,42.16009326868467,-120.59289987466929,47.41163921872467,2019-07-02,392,7586.0
25,54,-71.503972041848,42.16009326868467,-80.61370689717069,38.64256709677395,2019-07-02,132,2554.0
25,55,-71.503972041848,42.16009326868467,-89.73293305821664,44.63994410730462,2019-07-02,312,6038.0
25,56,-71.503972041848,42.16009326868467,-107.55139421018254,42.9995374625361,2019-07-02,51,987.0
25,72,-71.503972041848,42.16009326868467,-66.41466678397286,18.21569833731172,2019-07-02,158,3057.0
26,01,-85.73095291151436,44.874773603554175,-86.8445209956579,32.75687994183124,2019-07-02,835,11450.0
26,02,-85.73095291151436,44.874773603554175,-151.59342192189865,63.742989015090714,2019-07-02,311,4264.0
26,04,-85.73095291151436,44.874773603554175,-111.6644603390921,34.29309519459149,2019-07-02,698,9571.0
26,05,-85.73095291151436,44.874773603554175,-92.43923686174863,34.8997724175194,2019-07-02,447,6129.0
26,06,-85.73095291151436,44.874773603554175,-119.6638458867405,37.21530826027419,2019-07-02,2958,40564.0
26,08,-85.73095291151436,44.874773603554175,-105.5478211203382,38.99853159698931,2019-07-02,1550,21255.0
26,09,-85.73095291151436,44.874773603554175,-72.73825767764087,41.575164149895755,2019-07-02,230,3154.0
26,10,-85.73095291151436,44.874773603554175,-75.45249262811352,38.99497528640457,2019-07-02,144,1974.0
26,11,-85.73095291151436,44.874773603554175,-77.0162909035438,38.90477388790585,2019-07-02,396,5430.0
26,12,-85.73095291151436,44.874773603554175,-82.46641838867941,28.477058414990193,2019-07-02,5333,73133.0
26,13,-85.73095291151436,44.874773603554175,-83.42714021377525,32.63861711465618,2019-07-02,1549,21242.0
26,15,-85.73095291151436,44.874773603554175,-158.1099738068461,20.995111199008356,2019-07-02,548,7514.0
26,16,-85.73095291151436,44.874773603554175,-114.6594139607683,44.389055086057056,2019-07-02,200,2742.0
26,17,-85.73095291151436,44.874773603554175,-89.14863899339443,40.124200826969364,2019-07-02,5561,76260.0
26,18,-85.73095291151436,44.874773603554175,-86.28183838774677,39.919869617318085,2019-07-02,8464,116070.0
26,19,-85.73095291151436,44.874773603554175,-93.50009011569544,42.07464832674591,2019-07-02,540,7405.0
26,20,-85.73095291151436,44.874773603554175,-98.38015540415404,38.484727072453566,2019-07-02,2769,37972.0
26,21,-85.73095291151436,44.874773603554175,-85.29055223275348,37.5266141736611,2019-07-02,1876,25726.0
26,22,-85.73095291151436,44.874773603554175,-91.81423318426776,30.909072897746587,2019-07-02,372,5101.0
26,23,-85.73095291151436,44.874773603554175,-69.20275986278288,45.27432853102379,2019-07-02,458,6280.0
26,24,-85.73095291151436,44.874773603554175,-76.68717734070172,38.94649396258224,2019-07-02,695,9530.0
26,25,-85.73095291151436,44.874773603554175,-71.503972041848,42.16009326868467,2019-07-02,897,12300.0
26,26,-85.73095291151436,44.874773603554175,-85.73095291151436,44.874773603554175,2019-07-02,1405602,19275600.0
26,27,-85.73095291151436,44.874773603554175,-94.19830560457335,46.3491103788664,2019-07-02,1082,14837.0
26,28,-85.73095291151436,44.874773603554175,-89.6533594096457,32.712892273261986,2019-07-02,327,4484.0
26,29,-85.73095291151436,44.874773603554175,-92.4774251950813,38.3676304410753,2019-07-02,1263,17320.0
26,30,-85.73095291151436,44.874773603554175,-109.64520698796639,47.03342111039991,2019-07-02,351,4813.0
26,31,-85.73095291151436,44.874773603554175,-99.81085586033895,41.527151125231704,2019-07-02,267,3661.0
26,32,-85.73095291151436,44.874773603554175,-116.65524866805762,39.356185873030874,2019-07-02,1079,14796.0
26,33,-85.73095291151436,44.874773603554175,-71.57124316745634,43.6802370603039,2019-07-02,169,2317.0
26,34,-85.73095291151436,44.874773603554175,-74.65561230865505,40.11017985292258,2019-07-02,689,9448.0
26,35,-85.73095291151436,44.874773603554175,-106.1084438818861,34.42130099474041,2019-07-02,251,3442.0
26,36,-85.73095291151436,44.874773603554175,-75.59654322164518,42.92123354806042,2019-07-02,2887,39590.0
26,37,-85.73095291151436,44.874773603554175,-79.13090891837648,35.52603039243236,2019-07-02,1569,21516.0
26,38,-85.73095291151436,44.874773603554175,-100.4693907950372,47.446310421753914,2019-07-02,148,2029.0
26,39,-85.73095291151436,44.874773603554175,-82.70937700691621,40.415486910016135,2019-07-02,14228,195114.0
26,40,-85.73095291151436,44.874773603554175,-97.50822793037422,35.583464652524235,2019-07-02,324,4443.0
26,41,-85.73095291151436,44.874773603554175,-120.60525631019901,43.94045138675371,2019-07-02,337,4621.0
26,42,-85.73095291151436,44.874773603554175,-77.83893800628347,40.896700506452106,2019-07-02,1862,25534.0
26,44,-85.73095291151436,44.874773603554175,-71.52472355562169,41.59463889844585,2019-07-02,142,1947.0
26,45,-85.73095291151436,44.874773603554175,-80.86459715523999,33.87785606967731,2019-07-02,1932,26494.0
26,46,-85.73095291151436,44.874773603554175,-100.23046550270404,44.43613758926095,2019-07-02,332,4552.0
26,47,-85.73095291151436,44.874773603554175,-86.34341233023729,35.84298014361061,2019-07-02,2683,36793.0
26,48,-85.73095291151436,44.874773603554175,-99.31712096957119,31.447212191842507,2019-07-02,2319,31801.0
26,49,-85.73095291151436,44.874773603554175,-111.67824995489637,39.32376871301901,2019-07-02,428,5869.0
26,50,-85.73095291151436,44.874773603554175,-72.66263037415419,44.075248233178044,2019-07-02,103,1412.0
26,51,-85.73095291151436,44.874773603554175,-78.66634949421768,37.510873096830124,2019-07-02,1342,18403.0
26,53,-85.73095291151436,44.874773603554175,-120.59289987466929,47.41163921872467,2019-07-02,665,9119.0
26,54,-85.73095291151436,44.874773603554175,-80.61370689717069,38.64256709677395,2019-07-02,423,5800.0
26,55,-85.73095291151436,44.874773603554175,-89.73293305821664,44.63994410730462,2019-07-02,2811,38548.0
26,56,-85.73095291151436,44.874773603554175,-107.55139421018254,42.9995374625361,2019-07-02,333,4566.0
26,72,-85.73095291151436,44.874773603554175,-66.41466678397286,18.21569833731172,2019-07-02,25,342.0
27,01,-94.19830560457335,46.3491103788664,-86.8445209956579,32.75687994183124,2019-07-02,231,3596.0
27,02,-94.19830560457335,46.3491103788664,-151.59342192189865,63.742989015090714,2019-07-02,206,3207.0
27,04,-94.19830560457335,46.3491103788664,-111.6644603390921,34.29309519459149,2019-07-02,525,8174.0
27,05,-94.19830560457335,46.3491103788664,-92.43923686174863,34.8997724175194,2019-07-02,221,3441.0
27,06,-94.19830560457335,46.3491103788664,-119.6638458867405,37.21530826027419,2019-07-02,2065,32153.0
27,08,-94.19830560457335,46.3491103788664,-105.5478211203382,38.99853159698931,2019-07-02,2075,32309.0
27,09,-94.19830560457335,46.3491103788664,-72.73825767764087,41.575164149895755,2019-07-02,63,980.0
27,10,-94.19830560457335,46.3491103788664,-75.45249262811352,38.99497528640457,2019-07-02,37,576.0
27,11,-94.19830560457335,46.3491103788664,-77.0162909035438,38.90477388790585,2019-07-02,182,2833.0
27,12,-94.19830560457335,46.3491103788664,-82.46641838867941,28.477058414990193,2019-07-02,1940,30207.0
27,13,-94.19830560457335,46.3491103788664,-83.42714021377525,32.63861711465618,2019-07-02,542,8439.0
27,15,-94.19830560457335,46.3491103788664,-158.1099738068461,20.995111199008356,2019-07-02,301,4686.0
27,16,-94.19830560457335,46.3491103788664,-114.6594139607683,44.389055086057056,2019-07-02,210,3269.0
27,17,-94.19830560457335,46.3491103788664,-89.14863899339443,40.124200826969364,2019-07-02,2908,45279.0
27,18,-94.19830560457335,46.3491103788664,-86.28183838774677,39.919869617318085,2019-07-02,734,11428.0
27,19,-94.19830560457335,46.3491103788664,-93.50009011569544,42.07464832674591,2019-07-02,2825,43987.0
27,20,-94.19830560457335,46.3491103788664,-98.38015540415404,38.484727072453566,2019-07-02,1054,16411.0
27,21,-94.19830560457335,46.3491103788664,-85.29055223275348,37.5266141736611,2019-07-02,222,3456.0
27,22,-94.19830560457335,46.3491103788664,-91.81423318426776,30.909072897746587,2019-07-02,132,2055.0
27,23,-94.19830560457335,46.3491103788664,-69.20275986278288,45.27432853102379,2019-07-02,122,1899.0
27,24,-94.19830560457335,46.3491103788664,-76.68717734070172,38.94649396258224,2019-07-02,204,3176.0
27,25,-94.19830560457335,46.3491103788664,-71.503972041848,42.16009326868467,2019-07-02,503,7832.0
27,26,-94.19830560457335,46.3491103788664,-85.73095291151436,44.874773603554175,2019-07-02,1707,26579.0
27,27,-94.19830560457335,46.3491103788664,-94.19830560457335,46.3491103788664,2019-07-02,674887,10508436.0
27,28,-94.19830560457335,46.3491103788664,-89.6533594096457,32.712892273261986,2019-07-02,91,1416.0
27,29,-94.19830560457335,46.3491103788664,-92.4774251950813,38.3676304410753,2019-07-02,1120,17439.0
27,30,-94.19830560457335,46.3491103788664,-109.64520698796639,47.03342111039991,2019-07-02,975,15181.0
27,31,-94.19830560457335,46.3491103788664,-99.81085586033895,41.527151125231704,2019-07-02,723,11257.0
27,32,-94.19830560457335,46.3491103788664,-116.65524866805762,39.356185873030874,2019-07-02,614,9560.0
27,33,-94.19830560457335,46.3491103788664,-71.57124316745634,43.6802370603039,2019-07-02,110,1712.0
27,34,-94.19830560457335,46.3491103788664,-74.65561230865505,40.11017985292258,2019-07-02,304,4733.0
27,35,-94.19830560457335,46.3491103788664,-106.1084438818861,34.42130099474041,2019-07-02,145,2257.0
27,36,-94.19830560457335,46.3491103788664,-75.59654322164518,42.92123354806042,2019-07-02,997,15523.0
27,37,-94.19830560457335,46.3491103788664,-79.13090891837648,35.52603039243236,2019-07-02,375,5838.0
27,38,-94.19830560457335,46.3491103788664,-100.4693907950372,47.446310421753914,2019-07-02,6567,102252.0
27,39,-94.19830560457335,46.3491103788664,-82.70937700691621,40.415486910016135,2019-07-02,662,10307.0
27,40,-94.19830560457335,46.3491103788664,-97.50822793037422,35.583464652524235,2019-07-02,326,5076.0
27,41,-94.19830560457335,46.3491103788664,-120.60525631019901,43.94045138675371,2019-07-02,329,5122.0
27,42,-94.19830560457335,46.3491103788664,-77.83893800628347,40.896700506452106,2019-07-02,459,7146.0
27,44,-94.19830560457335,46.3491103788664,-71.52472355562169,41.59463889844585,2019-07-02,72,1121.0
27,45,-94.19830560457335,46.3491103788664,-80.86459715523999,33.87785606967731,2019-07-02,286,4453.0
27,46,-94.19830560457335,46.3491103788664,-100.23046550270404,44.43613758926095,2019-07-02,3080,47957.0
27,47,-94.19830560457335,46.3491103788664,-86.34341233023729,35.84298014361061,2019-07-02,495,7707.0
27,48,-94.19830560457335,46.3491103788664,-99.31712096957119,31.447212191842507,2019-07-02,1374,21394.0
27,49,-94.19830560457335,46.3491103788664,-111.67824995489637,39.32376871301901,2019-07-02,371,5776.0
27,50,-94.19830560457335,46.3491103788664,-72.66263037415419,44.075248233178044,2019-07-02,52,809.0
27,51,-94.19830560457335,46.3491103788664,-78.66634949421768,37.510873096830124,2019-07-02,349,5434.0
27,53,-94.19830560457335,46.3491103788664,-120.59289987466929,47.41163921872467,2019-07-02,652,10152.0
27,54,-94.19830560457335,46.3491103788664,-80.61370689717069,38.64256709677395,2019-07-02,125,1946.0
27,55,-94.19830560457335,46.3491103788664,-89.73293305821664,44.63994410730462,2019-07-02,10585,164815.0
27,56,-94.19830560457335,46.3491103788664,-107.55139421018254,42.9995374625361,2019-07-02,443,6897.0
27,72,-94.19830560457335,46.3491103788664,-66.41466678397286,18.21569833731172,2019-07-02,17,264.0
28,01,-89.6533594096457,32.712892273261986,-86.8445209956579,32.75687994183124,2019-07-02,10125,129987.0
28,02,-89.6533594096457,32.712892273261986,-151.59342192189865,63.742989015090714,2019-07-02,70,898.0
28,04,-89.6533594096457,32.712892273261986,-111.6644603390921,34.29309519459149,2019-07-02,279,3581.0
28,05,-89.6533594096457,32.712892273261986,-92.43923686174863,34.8997724175194,2019-07-02,2060,26446.0
28,06,-89.6533594096457,32.712892273261986,-119.6638458867405,37.21530826027419,2019-07-02,787,10103.0
28,08,-89.6533594096457,32.712892273261986,-105.5478211203382,38.99853159698931,2019-07-02,568,7292.0
28,09,-89.6533594096457,32.712892273261986,-72.73825767764087,41.575164149895755,2019-07-02,105,1348.0
28,10,-89.6533594096457,32.712892273261986,-75.45249262811352,38.99497528640457,2019-07-02,27,346.0
28,11,-89.6533594096457,32.712892273261986,-77.0162909035438,38.90477388790585,2019-07-02,99,1270.0
28,12,-89.6533594096457,32.712892273261986,-82.46641838867941,28.477058414990193,2019-07-02,8260,106044.0
28,13,-89.6533594096457,32.712892273261986,-83.42714021377525,32.63861711465618,2019-07-02,3176,40774.0
28,15,-89.6533594096457,32.712892273261986,-158.1099738068461,20.995111199008356,2019-07-02,88,1129.0
28,16,-89.6533594096457,32.712892273261986,-114.6594139607683,44.389055086057056,2019-07-02,124,1591.0
28,17,-89.6533594096457,32.712892273261986,-89.14863899339443,40.124200826969364,2019-07-02,847,10874.0
28,18,-89.6533594096457,32.712892273261986,-86.28183838774677,39.919869617318085,2019-07-02,429,5507.0
28,19,-89.6533594096457,32.712892273261986,-93.50009011569544,42.07464832674591,2019-07-02,153,1964.0
28,20,-89.6533594096457,32.712892273261986,-98.38015540415404,38.484727072453566,2019-07-02,682,8755.0
28,21,-89.6533594096457,32.712892273261986,-85.29055223275348,37.5266141736611,2019-07-02,714,9166.0
28,22,-89.6533594096457,32.712892273261986,-91.81423318426776,30.909072897746587,2019-07-02,8193,105184.0
28,23,-89.6533594096457,32.712892273261986,-69.20275986278288,45.27432853102379,2019-07-02,70,898.0
28,24,-89.6533594096457,32.712892273261986,-76.68717734070172,38.94649396258224,2019-07-02,165,2118.0
28,25,-89.6533594096457,32.712892273261986,-71.503972041848,42.16009326868467,2019-07-02,155,1989.0
28,26,-89.6533594096457,32.712892273261986,-85.73095291151436,44.874773603554175,2019-07-02,469,6021.0
28,27,-89.6533594096457,32.712892273261986,-94.19830560457335,46.3491103788664,2019-07-02,98,1258.0
28,28,-89.6533594096457,32.712892273261986,-89.6533594096457,32.712892273261986,2019-07-02,493318,6333362.0
28,29,-89.6533594096457,32.712892273261986,-92.4774251950813,38.3676304410753,2019-07-02,1121,14391.0
28,30,-89.6533594096457,32.712892273261986,-109.64520698796639,47.03342111039991,2019-07-02,142,1823.0
28,31,-89.6533594096457,32.712892273261986,-99.81085586033895,41.527151125231704,2019-07-02,66,847.0
28,32,-89.6533594096457,32.712892273261986,-116.65524866805762,39.356185873030874,2019-07-02,327,4198.0
28,33,-89.6533594096457,32.712892273261986,-71.57124316745634,43.6802370603039,2019-07-02,36,462.0
28,34,-89.6533594096457,32.712892273261986,-74.65561230865505,40.11017985292258,2019-07-02,122,1566.0
28,35,-89.6533594096457,32.712892273261986,-106.1084438818861,34.42130099474041,2019-07-02,141,1810.0
28,36,-89.6533594096457,32.712892273261986,-75.59654322164518,42.92123354806042,2019-07-02,754,9680.0
28,37,-89.6533594096457,32.712892273261986,-79.13090891837648,35.52603039243236,2019-07-02,1017,13056.0
28,38,-89.6533594096457,32.712892273261986,-100.4693907950372,47.446310421753914,2019-07-02,46,590.0
28,39,-89.6533594096457,32.712892273261986,-82.70937700691621,40.415486910016135,2019-07-02,676,8678.0
28,40,-89.6533594096457,32.712892273261986,-97.50822793037422,35.583464652524235,2019-07-02,542,6958.0
28,41,-89.6533594096457,32.712892273261986,-120.60525631019901,43.94045138675371,2019-07-02,63,808.0
28,42,-89.6533594096457,32.712892273261986,-77.83893800628347,40.896700506452106,2019-07-02,295,3787.0
28,44,-89.6533594096457,32.712892273261986,-71.52472355562169,41.59463889844585,2019-07-02,9,115.0
28,45,-89.6533594096457,32.712892273261986,-80.86459715523999,33.87785606967731,2019-07-02,790,10142.0
28,46,-89.6533594096457,32.712892273261986,-100.23046550270404,44.43613758926095,2019-07-02,103,1322.0
28,47,-89.6533594096457,32.712892273261986,-86.34341233023729,35.84298014361061,2019-07-02,15769,202447.0
28,48,-89.6533594096457,32.712892273261986,-99.31712096957119,31.447212191842507,2019-07-02,3804,48836.0
28,49,-89.6533594096457,32.712892273261986,-111.67824995489637,39.32376871301901,2019-07-02,114,1463.0
28,50,-89.6533594096457,32.712892273261986,-72.66263037415419,44.075248233178044,2019-07-02,22,282.0
28,51,-89.6533594096457,32.712892273261986,-78.66634949421768,37.510873096830124,2019-07-02,648,8319.0
28,53,-89.6533594096457,32.712892273261986,-120.59289987466929,47.41163921872467,2019-07-02,140,1797.0
28,54,-89.6533594096457,32.712892273261986,-80.61370689717069,38.64256709677395,2019-07-02,101,1296.0
28,55,-89.6533594096457,32.712892273261986,-89.73293305821664,44.63994410730462,2019-07-02,221,2837.0
28,56,-89.6533594096457,32.712892273261986,-107.55139421018254,42.9995374625361,2019-07-02,185,2375.0
28,72,-89.6533594096457,32.712892273261986,-66.41466678397286,18.21569833731172,2019-07-02,9,115.0
29,01,-92.4774251950813,38.3676304410753,-86.8445209956579,32.75687994183124,2019-07-02,1690,22683.0
29,02,-92.4774251950813,38.3676304410753,-151.59342192189865,63.742989015090714,2019-07-02,220,2952.0
29,04,-92.4774251950813,38.3676304410753,-111.6644603390921,34.29309519459149,2019-07-02,821,11019.0
29,05,-92.4774251950813,38.3676304410753,-92.43923686174863,34.8997724175194,2019-07-02,5227,70158.0
29,06,-92.4774251950813,38.3676304410753,-119.6638458867405,37.21530826027419,2019-07-02,2839,38105.0
29,08,-92.4774251950813,38.3676304410753,-105.5478211203382,38.99853159698931,2019-07-02,4577,61433.0
29,09,-92.4774251950813,38.3676304410753,-72.73825767764087,41.575164149895755,2019-07-02,177,2375.0
29,10,-92.4774251950813,38.3676304410753,-75.45249262811352,38.99497528640457,2019-07-02,87,1167.0
29,11,-92.4774251950813,38.3676304410753,-77.0162909035438,38.90477388790585,2019-07-02,229,3073.0
29,12,-92.4774251950813,38.3676304410753,-82.46641838867941,28.477058414990193,2019-07-02,7964,106894.0
29,13,-92.4774251950813,38.3676304410753,-83.42714021377525,32.63861711465618,2019-07-02,1655,22213.0
29,15,-92.4774251950813,38.3676304410753,-158.1099738068461,20.995111199008356,2019-07-02,386,5180.0
29,16,-92.4774251950813,38.3676304410753,-114.6594139607683,44.389055086057056,2019-07-02,237,3181.0
29,17,-92.4774251950813,38.3676304410753,-89.14863899339443,40.124200826969364,2019-07-02,12413,166610.0
29,18,-92.4774251950813,38.3676304410753,-86.28183838774677,39.919869617318085,2019-07-02,2670,35837.0
29,19,-92.4774251950813,38.3676304410753,-93.50009011569544,42.07464832674591,2019-07-02,2354,31595.0
29,20,-92.4774251950813,38.3676304410753,-98.38015540415404,38.484727072453566,2019-07-02,24016,322348.0
29,21,-92.4774251950813,38.3676304410753,-85.29055223275348,37.5266141736611,2019-07-02,1440,19328.0
29,22,-92.4774251950813,38.3676304410753,-91.81423318426776,30.909072897746587,2019-07-02,634,8509.0
29,23,-92.4774251950813,38.3676304410753,-69.20275986278288,45.27432853102379,2019-07-02,126,1691.0
29,24,-92.4774251950813,38.3676304410753,-76.68717734070172,38.94649396258224,2019-07-02,395,5301.0
29,25,-92.4774251950813,38.3676304410753,-71.503972041848,42.16009326868467,2019-07-02,451,6053.0
29,26,-92.4774251950813,38.3676304410753,-85.73095291151436,44.874773603554175,2019-07-02,1970,26441.0
29,27,-92.4774251950813,38.3676304410753,-94.19830560457335,46.3491103788664,2019-07-02,1062,14254.0
29,28,-92.4774251950813,38.3676304410753,-89.6533594096457,32.712892273261986,2019-07-02,809,10858.0
29,29,-92.4774251950813,38.3676304410753,-92.4774251950813,38.3676304410753,2019-07-02,942359,12648581.0
29,30,-92.4774251950813,38.3676304410753,-109.64520698796639,47.03342111039991,2019-07-02,340,4563.0
29,31,-92.4774251950813,38.3676304410753,-99.81085586033895,41.527151125231704,2019-07-02,956,12831.0
29,32,-92.4774251950813,38.3676304410753,-116.65524866805762,39.356185873030874,2019-07-02,656,8804.0
29,33,-92.4774251950813,38.3676304410753,-71.57124316745634,43.6802370603039,2019-07-02,57,765.0
29,34,-92.4774251950813,38.3676304410753,-74.65561230865505,40.11017985292258,2019-07-02,408,5476.0
29,35,-92.4774251950813,38.3676304410753,-106.1084438818861,34.42130099474041,2019-07-02,435,5838.0
29,36,-92.4774251950813,38.3676304410753,-75.59654322164518,42.92123354806042,2019-07-02,1268,17019.0
29,37,-92.4774251950813,38.3676304410753,-79.13090891837648,35.52603039243236,2019-07-02,911,12227.0
29,38,-92.4774251950813,38.3676304410753,-100.4693907950372,47.446310421753914,2019-07-02,147,1973.0
29,39,-92.4774251950813,38.3676304410753,-82.70937700691621,40.415486910016135,2019-07-02,1466,19677.0
29,40,-92.4774251950813,38.3676304410753,-97.50822793037422,35.583464652524235,2019-07-02,2753,36951.0
29,41,-92.4774251950813,38.3676304410753,-120.60525631019901,43.94045138675371,2019-07-02,391,5248.0
29,42,-92.4774251950813,38.3676304410753,-77.83893800628347,40.896700506452106,2019-07-02,874,11731.0
29,44,-92.4774251950813,38.3676304410753,-71.52472355562169,41.59463889844585,2019-07-02,58,778.0
29,45,-92.4774251950813,38.3676304410753,-80.86459715523999,33.87785606967731,2019-07-02,1318,17690.0
29,46,-92.4774251950813,38.3676304410753,-100.23046550270404,44.43613758926095,2019-07-02,522,7006.0
29,47,-92.4774251950813,38.3676304410753,-86.34341233023729,35.84298014361061,2019-07-02,2392,32106.0
29,48,-92.4774251950813,38.3676304410753,-99.31712096957119,31.447212191842507,2019-07-02,4742,63648.0
29,49,-92.4774251950813,38.3676304410753,-111.67824995489637,39.32376871301901,2019-07-02,442,5932.0
29,50,-92.4774251950813,38.3676304410753,-72.66263037415419,44.075248233178044,2019-07-02,37,496.0
29,51,-92.4774251950813,38.3676304410753,-78.66634949421768,37.510873096830124,2019-07-02,811,10885.0
29,53,-92.4774251950813,38.3676304410753,-120.59289987466929,47.41163921872467,2019-07-02,709,9516.0
29,54,-92.4774251950813,38.3676304410753,-80.61370689717069,38.64256709677395,2019-07-02,234,3140.0
29,55,-92.4774251950813,38.3676304410753,-89.73293305821664,44.63994410730462,2019-07-02,1085,14563.0
29,56,-92.4774251950813,38.3676304410753,-107.55139421018254,42.9995374625361,2019-07-02,439,5892.0
29,72,-92.4774251950813,38.3676304410753,-66.41466678397286,18.21569833731172,2019-07-02,34,456.0
30,01,-109.64520698796639,47.03342111039991,-86.8445209956579,32.75687994183124,2019-07-02,27,518.0
30,02,-109.64520698796639,47.03342111039991,-151.59342192189865,63.742989015090714,2019-07-02,71,1363.0
30,04,-109.64520698796639,47.03342111039991,-111.6644603390921,34.29309519459149,2019-07-02,176,3379.0
30,05,-109.64520698796639,47.03342111039991,-92.43923686174863,34.8997724175194,2019-07-02,53,1017.0
30,06,-109.64520698796639,47.03342111039991,-119.6638458867405,37.21530826027419,2019-07-02,565,10847.0
30,08,-109.64520698796639,47.03342111039991,-105.5478211203382,38.99853159698931,2019-07-02,506,9715.0
30,09,-109.64520698796639,47.03342111039991,-72.73825767764087,41.575164149895755,2019-07-02,24,460.0
30,10,-109.64520698796639,47.03342111039991,-75.45249262811352,38.99497528640457,2019-07-02,7,134.0
30,11,-109.64520698796639,47.03342111039991,-77.0162909035438,38.90477388790585,2019-07-02,16,307.0
30,12,-109.64520698796639,47.03342111039991,-82.46641838867941,28.477058414990193,2019-07-02,193,3705.0
30,13,-109.64520698796639,47.03342111039991,-83.42714021377525,32.63861711465618,2019-07-02,87,1670.0
30,15,-109.64520698796639,47.03342111039991,-158.1099738068461,20.995111199008356,2019-07-02,62,1190.0
30,16,-109.64520698796639,47.03342111039991,-114.6594139607683,44.389055086057056,2019-07-02,643,12345.0
30,17,-109.64520698796639,47.03342111039991,-89.14863899339443,40.124200826969364,2019-07-02,143,2745.0
30,18,-109.64520698796639,47.03342111039991,-86.28183838774677,39.919869617318085,2019-07-02,67,1286.0
30,19,-109.64520698796639,47.03342111039991,-93.50009011569544,42.07464832674591,2019-07-02,66,1267.0
30,20,-109.64520698796639,47.03342111039991,-98.38015540415404,38.484727072453566,2019-07-02,99,1900.0
30,21,-109.64520698796639,47.03342111039991,-85.29055223275348,37.5266141736611,2019-07-02,36,691.0
30,22,-109.64520698796639,47.03342111039991,-91.81423318426776,30.909072897746587,2019-07-02,28,537.0
30,23,-109.64520698796639,47.03342111039991,-69.20275986278288,45.27432853102379,2019-07-02,31,595.0
30,24,-109.64520698796639,47.03342111039991,-76.68717734070172,38.94649396258224,2019-07-02,25,479.0
30,25,-109.64520698796639,47.03342111039991,-71.503972041848,42.16009326868467,2019-07-02,48,921.0
30,26,-109.64520698796639,47.03342111039991,-85.73095291151436,44.874773603554175,2019-07-02,104,1996.0
30,27,-109.64520698796639,47.03342111039991,-94.19830560457335,46.3491103788664,2019-07-02,278,5337.0
30,28,-109.64520698796639,47.03342111039991,-89.6533594096457,32.712892273261986,2019-07-02,35,671.0
30,29,-109.64520698796639,47.03342111039991,-92.4774251950813,38.3676304410753,2019-07-02,62,1190.0
30,30,-109.64520698796639,47.03342111039991,-109.64520698796639,47.03342111039991,2019-07-02,97208,1866380.0
30,31,-109.64520698796639,47.03342111039991,-99.81085586033895,41.527151125231704,2019-07-02,42,806.0
30,32,-109.64520698796639,47.03342111039991,-116.65524866805762,39.356185873030874,2019-07-02,188,3609.0
30,33,-109.64520698796639,47.03342111039991,-71.57124316745634,43.6802370603039,2019-07-02,7,134.0
30,34,-109.64520698796639,47.03342111039991,-74.65561230865505,40.11017985292258,2019-07-02,35,671.0
30,35,-109.64520698796639,47.03342111039991,-106.1084438818861,34.42130099474041,2019-07-02,58,1113.0
30,36,-109.64520698796639,47.03342111039991,-75.59654322164518,42.92123354806042,2019-07-02,74,1420.0
30,37,-109.64520698796639,47.03342111039991,-79.13090891837648,35.52603039243236,2019-07-02,62,1190.0
30,38,-109.64520698796639,47.03342111039991,-100.4693907950372,47.446310421753914,2019-07-02,556,10675.0
30,39,-109.64520698796639,47.03342111039991,-82.70937700691621,40.415486910016135,2019-07-02,140,2687.0
30,40,-109.64520698796639,47.03342111039991,-97.50822793037422,35.583464652524235,2019-07-02,80,1535.0
30,41,-109.64520698796639,47.03342111039991,-120.60525631019901,43.94045138675371,2019-07-02,353,6777.0
30,42,-109.64520698796639,47.03342111039991,-77.83893800628347,40.896700506452106,2019-07-02,93,1785.0
30,44,-109.64520698796639,47.03342111039991,-71.52472355562169,41.59463889844585,2019-07-02,8,153.0
30,45,-109.64520698796639,47.03342111039991,-80.86459715523999,33.87785606967731,2019-07-02,21,403.0
30,46,-109.64520698796639,47.03342111039991,-100.23046550270404,44.43613758926095,2019-07-02,250,4799.0
30,47,-109.64520698796639,47.03342111039991,-86.34341233023729,35.84298014361061,2019-07-02,54,1036.0
30,48,-109.64520698796639,47.03342111039991,-99.31712096957119,31.447212191842507,2019-07-02,341,6547.0
30,49,-109.64520698796639,47.03342111039991,-111.67824995489637,39.32376871301901,2019-07-02,618,11865.0
30,50,-109.64520698796639,47.03342111039991,-72.66263037415419,44.075248233178044,2019-07-02,6,115.0
30,51,-109.64520698796639,47.03342111039991,-78.66634949421768,37.510873096830124,2019-07-02,45,863.0
30,53,-109.64520698796639,47.03342111039991,-120.59289987466929,47.41163921872467,2019-07-02,841,16147.0
30,54,-109.64520698796639,47.03342111039991,-80.61370689717069,38.64256709677395,2019-07-02,5,95.0
30,55,-109.64520698796639,47.03342111039991,-89.73293305821664,44.63994410730462,2019-07-02,89,1708.0
30,56,-109.64520698796639,47.03342111039991,-107.55139421018254,42.9995374625361,2019-07-02,538,10329.0
30,72,-109.64520698796639,47.03342111039991,-66.41466678397286,18.21569833731172,2019-07-02,1,19.0
31,01,-99.81085586033895,41.527151125231704,-86.8445209956579,32.75687994183124,2019-07-02,85,1049.0
31,02,-99.81085586033895,41.527151125231704,-151.59342192189865,63.742989015090714,2019-07-02,98,1209.0
31,04,-99.81085586033895,41.527151125231704,-111.6644603390921,34.29309519459149,2019-07-02,321,3962.0
31,05,-99.81085586033895,41.527151125231704,-92.43923686174863,34.8997724175194,2019-07-02,201,2481.0
31,06,-99.81085586033895,41.527151125231704,-119.6638458867405,37.21530826027419,2019-07-02,886,10937.0
31,08,-99.81085586033895,41.527151125231704,-105.5478211203382,38.99853159698931,2019-07-02,2625,32404.0
31,09,-99.81085586033895,41.527151125231704,-72.73825767764087,41.575164149895755,2019-07-02,37,456.0
31,10,-99.81085586033895,41.527151125231704,-75.45249262811352,38.99497528640457,2019-07-02,15,185.0
31,11,-99.81085586033895,41.527151125231704,-77.0162909035438,38.90477388790585,2019-07-02,36,444.0
31,12,-99.81085586033895,41.527151125231704,-82.46641838867941,28.477058414990193,2019-07-02,952,11752.0
31,13,-99.81085586033895,41.527151125231704,-83.42714021377525,32.63861711465618,2019-07-02,259,3197.0
31,15,-99.81085586033895,41.527151125231704,-158.1099738068461,20.995111199008356,2019-07-02,73,901.0
31,16,-99.81085586033895,41.527151125231704,-114.6594139607683,44.389055086057056,2019-07-02,150,1851.0
31,17,-99.81085586033895,41.527151125231704,-89.14863899339443,40.124200826969364,2019-07-02,826,10196.0
31,18,-99.81085586033895,41.527151125231704,-86.28183838774677,39.919869617318085,2019-07-02,339,4184.0
31,19,-99.81085586033895,41.527151125231704,-93.50009011569544,42.07464832674591,2019-07-02,5502,67920.0
31,20,-99.81085586033895,41.527151125231704,-98.38015540415404,38.484727072453566,2019-07-02,1794,22146.0
31,21,-99.81085586033895,41.527151125231704,-85.29055223275348,37.5266141736611,2019-07-02,114,1407.0
31,22,-99.81085586033895,41.527151125231704,-91.81423318426776,30.909072897746587,2019-07-02,212,2617.0
31,23,-99.81085586033895,41.527151125231704,-69.20275986278288,45.27432853102379,2019-07-02,34,419.0
31,24,-99.81085586033895,41.527151125231704,-76.68717734070172,38.94649396258224,2019-07-02,71,876.0
31,25,-99.81085586033895,41.527151125231704,-71.503972041848,42.16009326868467,2019-07-02,128,1580.0
31,26,-99.81085586033895,41.527151125231704,-85.73095291151436,44.874773603554175,2019-07-02,220,2715.0
31,27,-99.81085586033895,41.527151125231704,-94.19830560457335,46.3491103788664,2019-07-02,788,9727.0
31,28,-99.81085586033895,41.527151125231704,-89.6533594096457,32.712892273261986,2019-07-02,101,1246.0
31,29,-99.81085586033895,41.527151125231704,-92.4774251950813,38.3676304410753,2019-07-02,2066,25504.0
31,30,-99.81085586033895,41.527151125231704,-109.64520698796639,47.03342111039991,2019-07-02,136,1678.0
31,31,-99.81085586033895,41.527151125231704,-99.81085586033895,41.527151125231704,2019-07-02,306857,3788059.0
31,32,-99.81085586033895,41.527151125231704,-116.65524866805762,39.356185873030874,2019-07-02,345,4258.0
31,33,-99.81085586033895,41.527151125231704,-71.57124316745634,43.6802370603039,2019-07-02,11,135.0
31,34,-99.81085586033895,41.527151125231704,-74.65561230865505,40.11017985292258,2019-07-02,115,1419.0
31,35,-99.81085586033895,41.527151125231704,-106.1084438818861,34.42130099474041,2019-07-02,108,1333.0
31,36,-99.81085586033895,41.527151125231704,-75.59654322164518,42.92123354806042,2019-07-02,289,3567.0
31,37,-99.81085586033895,41.527151125231704,-79.13090891837648,35.52603039243236,2019-07-02,181,2234.0
31,38,-99.81085586033895,41.527151125231704,-100.4693907950372,47.446310421753914,2019-07-02,169,2086.0
31,39,-99.81085586033895,41.527151125231704,-82.70937700691621,40.415486910016135,2019-07-02,365,4505.0
31,40,-99.81085586033895,41.527151125231704,-97.50822793037422,35.583464652524235,2019-07-02,346,4271.0
31,41,-99.81085586033895,41.527151125231704,-120.60525631019901,43.94045138675371,2019-07-02,175,2160.0
31,42,-99.81085586033895,41.527151125231704,-77.83893800628347,40.896700506452106,2019-07-02,223,2752.0
31,44,-99.81085586033895,41.527151125231704,-71.52472355562169,41.59463889844585,2019-07-02,14,172.0
31,45,-99.81085586033895,41.527151125231704,-80.86459715523999,33.87785606967731,2019-07-02,170,2098.0
31,46,-99.81085586033895,41.527151125231704,-100.23046550270404,44.43613758926095,2019-07-02,1430,17652.0
31,47,-99.81085586033895,41.527151125231704,-86.34341233023729,35.84298014361061,2019-07-02,205,2530.0
31,48,-99.81085586033895,41.527151125231704,-99.31712096957119,31.447212191842507,2019-07-02,1151,14208.0
31,49,-99.81085586033895,41.527151125231704,-111.67824995489637,39.32376871301901,2019-07-02,263,3246.0
31,50,-99.81085586033895,41.527151125231704,-72.66263037415419,44.075248233178044,2019-07-02,6,74.0
31,51,-99.81085586033895,41.527151125231704,-78.66634949421768,37.510873096830124,2019-07-02,165,2036.0
31,53,-99.81085586033895,41.527151125231704,-120.59289987466929,47.41163921872467,2019-07-02,361,4456.0
31,54,-99.81085586033895,41.527151125231704,-80.61370689717069,38.64256709677395,2019-07-02,35,432.0
31,55,-99.81085586033895,41.527151125231704,-89.73293305821664,44.63994410730462,2019-07-02,540,6666.0
31,56,-99.81085586033895,41.527151125231704,-107.55139421018254,42.9995374625361,2019-07-02,496,6122.0
31,72,-99.81085586033895,41.527151125231704,-66.41466678397286,18.21569833731172,2019-07-02,2,24.0
32,01,-116.65524866805762,39.356185873030874,-86.8445209956579,32.75687994183124,2019-07-02,84,1304.0
32,02,-116.65524866805762,39.356185873030874,-151.59342192189865,63.742989015090714,2019-07-02,143,2220.0
32,04,-116.65524866805762,39.356185873030874,-111.6644603390921,34.29309519459149,2019-07-02,2196,34104.0
32,05,-116.65524866805762,39.356185873030874,-92.43923686174863,34.8997724175194,2019-07-02,87,1351.0
32,06,-116.65524866805762,39.356185873030874,-119.6638458867405,37.21530826027419,2019-07-02,13478,209317.0
32,08,-116.65524866805762,39.356185873030874,-105.5478211203382,38.99853159698931,2019-07-02,861,13371.0
32,09,-116.65524866805762,39.356185873030874,-72.73825767764087,41.575164149895755,2019-07-02,46,714.0
32,10,-116.65524866805762,39.356185873030874,-75.45249262811352,38.99497528640457,2019-07-02,16,248.0
32,11,-116.65524866805762,39.356185873030874,-77.0162909035438,38.90477388790585,2019-07-02,50,776.0
32,12,-116.65524866805762,39.356185873030874,-82.46641838867941,28.477058414990193,2019-07-02,864,13418.0
32,13,-116.65524866805762,39.356185873030874,-83.42714021377525,32.63861711465618,2019-07-02,362,5621.0
32,15,-116.65524866805762,39.356185873030874,-158.1099738068461,20.995111199008356,2019-07-02,742,11523.0
32,16,-116.65524866805762,39.356185873030874,-114.6594139607683,44.389055086057056,2019-07-02,771,11973.0
32,17,-116.65524866805762,39.356185873030874,-89.14863899339443,40.124200826969364,2019-07-02,512,7951.0
32,18,-116.65524866805762,39.356185873030874,-86.28183838774677,39.919869617318085,2019-07-02,166,2578.0
32,19,-116.65524866805762,39.356185873030874,-93.50009011569544,42.07464832674591,2019-07-02,141,2189.0
32,20,-116.65524866805762,39.356185873030874,-98.38015540415404,38.484727072453566,2019-07-02,546,8479.0
32,21,-116.65524866805762,39.356185873030874,-85.29055223275348,37.5266141736611,2019-07-02,105,1630.0
32,22,-116.65524866805762,39.356185873030874,-91.81423318426776,30.909072897746587,2019-07-02,312,4845.0
32,23,-116.65524866805762,39.356185873030874,-69.20275986278288,45.27432853102379,2019-07-02,58,900.0
32,24,-116.65524866805762,39.356185873030874,-76.68717734070172,38.94649396258224,2019-07-02,122,1894.0
32,25,-116.65524866805762,39.356185873030874,-71.503972041848,42.16009326868467,2019-07-02,154,2391.0
32,26,-116.65524866805762,39.356185873030874,-85.73095291151436,44.874773603554175,2019-07-02,340,5280.0
32,27,-116.65524866805762,39.356185873030874,-94.19830560457335,46.3491103788664,2019-07-02,256,3975.0
32,28,-116.65524866805762,39.356185873030874,-89.6533594096457,32.712892273261986,2019-07-02,90,1397.0
32,29,-116.65524866805762,39.356185873030874,-92.4774251950813,38.3676304410753,2019-07-02,303,4705.0
32,30,-116.65524866805762,39.356185873030874,-109.64520698796639,47.03342111039991,2019-07-02,303,4705.0
32,31,-116.65524866805762,39.356185873030874,-99.81085586033895,41.527151125231704,2019-07-02,118,1832.0
32,32,-116.65524866805762,39.356185873030874,-116.65524866805762,39.356185873030874,2019-07-02,367070,5700707.0
32,33,-116.65524866805762,39.356185873030874,-71.57124316745634,43.6802370603039,2019-07-02,23,357.0
32,34,-116.65524866805762,39.356185873030874,-74.65561230865505,40.11017985292258,2019-07-02,202,3137.0
32,35,-116.65524866805762,39.356185873030874,-106.1084438818861,34.42130099474041,2019-07-02,610,9473.0
32,36,-116.65524866805762,39.356185873030874,-75.59654322164518,42.92123354806042,2019-07-02,622,9659.0
32,37,-116.65524866805762,39.356185873030874,-79.13090891837648,35.52603039243236,2019-07-02,211,3276.0
32,38,-116.65524866805762,39.356185873030874,-100.4693907950372,47.446310421753914,2019-07-02,53,823.0
32,39,-116.65524866805762,39.356185873030874,-82.70937700691621,40.415486910016135,2019-07-02,354,5497.0
32,40,-116.65524866805762,39.356185873030874,-97.50822793037422,35.583464652524235,2019-07-02,212,3292.0
32,41,-116.65524866805762,39.356185873030874,-120.60525631019901,43.94045138675371,2019-07-02,928,14412.0
32,42,-116.65524866805762,39.356185873030874,-77.83893800628347,40.896700506452106,2019-07-02,215,3339.0
32,44,-116.65524866805762,39.356185873030874,-71.52472355562169,41.59463889844585,2019-07-02,37,574.0
32,45,-116.65524866805762,39.356185873030874,-80.86459715523999,33.87785606967731,2019-07-02,108,1677.0
32,46,-116.65524866805762,39.356185873030874,-100.23046550270404,44.43613758926095,2019-07-02,138,2143.0
32,47,-116.65524866805762,39.356185873030874,-86.34341233023729,35.84298014361061,2019-07-02,171,2655.0
32,48,-116.65524866805762,39.356185873030874,-99.31712096957119,31.447212191842507,2019-07-02,1261,19583.0
32,49,-116.65524866805762,39.356185873030874,-111.67824995489637,39.32376871301901,2019-07-02,2305,35797.0
32,50,-116.65524866805762,39.356185873030874,-72.66263037415419,44.075248233178044,2019-07-02,10,155.0
32,51,-116.65524866805762,39.356185873030874,-78.66634949421768,37.510873096830124,2019-07-02,252,3913.0
32,53,-116.65524866805762,39.356185873030874,-120.59289987466929,47.41163921872467,2019-07-02,892,13853.0
32,54,-116.65524866805762,39.356185873030874,-80.61370689717069,38.64256709677395,2019-07-02,50,776.0
32,55,-116.65524866805762,39.356185873030874,-89.73293305821664,44.63994410730462,2019-07-02,186,2888.0
32,56,-116.65524866805762,39.356185873030874,-107.55139421018254,42.9995374625361,2019-07-02,255,3960.0
32,72,-116.65524866805762,39.356185873030874,-66.41466678397286,18.21569833731172,2019-07-02,14,217.0
33,01,-71.57124316745634,43.6802370603039,-86.8445209956579,32.75687994183124,2019-07-02,28,486.0
33,02,-71.57124316745634,43.6802370603039,-151.59342192189865,63.742989015090714,2019-07-02,47,816.0
33,04,-71.57124316745634,43.6802370603039,-111.6644603390921,34.29309519459149,2019-07-02,53,921.0
33,05,-71.57124316745634,43.6802370603039,-92.43923686174863,34.8997724175194,2019-07-02,27,469.0
33,06,-71.57124316745634,43.6802370603039,-119.6638458867405,37.21530826027419,2019-07-02,303,5266.0
33,08,-71.57124316745634,43.6802370603039,-105.5478211203382,38.99853159698931,2019-07-02,120,2085.0
33,09,-71.57124316745634,43.6802370603039,-72.73825767764087,41.575164149895755,2019-07-02,589,10238.0
33,10,-71.57124316745634,43.6802370603039,-75.45249262811352,38.99497528640457,2019-07-02,44,764.0
33,11,-71.57124316745634,43.6802370603039,-77.0162909035438,38.90477388790585,2019-07-02,76,1321.0
33,12,-71.57124316745634,43.6802370603039,-82.46641838867941,28.477058414990193,2019-07-02,689,11976.0
33,13,-71.57124316745634,43.6802370603039,-83.42714021377525,32.63861711465618,2019-07-02,160,2781.0
33,15,-71.57124316745634,43.6802370603039,-158.1099738068461,20.995111199008356,2019-07-02,100,1738.0
33,16,-71.57124316745634,43.6802370603039,-114.6594139607683,44.389055086057056,2019-07-02,16,278.0
33,17,-71.57124316745634,43.6802370603039,-89.14863899339443,40.124200826969364,2019-07-02,120,2085.0
33,18,-71.57124316745634,43.6802370603039,-86.28183838774677,39.919869617318085,2019-07-02,77,1338.0
33,19,-71.57124316745634,43.6802370603039,-93.50009011569544,42.07464832674591,2019-07-02,47,816.0
33,20,-71.57124316745634,43.6802370603039,-98.38015540415404,38.484727072453566,2019-07-02,192,3337.0
33,21,-71.57124316745634,43.6802370603039,-85.29055223275348,37.5266141736611,2019-07-02,42,730.0
33,22,-71.57124316745634,43.6802370603039,-91.81423318426776,30.909072897746587,2019-07-02,42,730.0
33,23,-71.57124316745634,43.6802370603039,-69.20275986278288,45.27432853102379,2019-07-02,3168,55067.0
33,24,-71.57124316745634,43.6802370603039,-76.68717734070172,38.94649396258224,2019-07-02,182,3163.0
33,25,-71.57124316745634,43.6802370603039,-71.503972041848,42.16009326868467,2019-07-02,11988,208381.0
33,26,-71.57124316745634,43.6802370603039,-85.73095291151436,44.874773603554175,2019-07-02,100,1738.0
33,27,-71.57124316745634,43.6802370603039,-94.19830560457335,46.3491103788664,2019-07-02,45,782.0
33,28,-71.57124316745634,43.6802370603039,-89.6533594096457,32.712892273261986,2019-07-02,19,330.0
33,29,-71.57124316745634,43.6802370603039,-92.4774251950813,38.3676304410753,2019-07-02,68,1182.0
33,30,-71.57124316745634,43.6802370603039,-109.64520698796639,47.03342111039991,2019-07-02,19,330.0
33,31,-71.57124316745634,43.6802370603039,-99.81085586033895,41.527151125231704,2019-07-02,36,625.0
33,32,-71.57124316745634,43.6802370603039,-116.65524866805762,39.356185873030874,2019-07-02,123,2138.0
33,33,-71.57124316745634,43.6802370603039,-71.57124316745634,43.6802370603039,2019-07-02,135349,2352706.0
33,34,-71.57124316745634,43.6802370603039,-74.65561230865505,40.11017985292258,2019-07-02,272,4728.0
33,35,-71.57124316745634,43.6802370603039,-106.1084438818861,34.42130099474041,2019-07-02,20,347.0
33,36,-71.57124316745634,43.6802370603039,-75.59654322164518,42.92123354806042,2019-07-02,1074,18668.0
33,37,-71.57124316745634,43.6802370603039,-79.13090891837648,35.52603039243236,2019-07-02,313,5440.0
33,38,-71.57124316745634,43.6802370603039,-100.4693907950372,47.446310421753914,2019-07-02,6,104.0
33,39,-71.57124316745634,43.6802370603039,-82.70937700691621,40.415486910016135,2019-07-02,452,7856.0
33,40,-71.57124316745634,43.6802370603039,-97.50822793037422,35.583464652524235,2019-07-02,22,382.0
33,41,-71.57124316745634,43.6802370603039,-120.60525631019901,43.94045138675371,2019-07-02,64,1112.0
33,42,-71.57124316745634,43.6802370603039,-77.83893800628347,40.896700506452106,2019-07-02,357,6205.0
33,44,-71.57124316745634,43.6802370603039,-71.52472355562169,41.59463889844585,2019-07-02,342,5944.0
33,45,-71.57124316745634,43.6802370603039,-80.86459715523999,33.87785606967731,2019-07-02,141,2450.0
33,46,-71.57124316745634,43.6802370603039,-100.23046550270404,44.43613758926095,2019-07-02,13,225.0
33,47,-71.57124316745634,43.6802370603039,-86.34341233023729,35.84298014361061,2019-07-02,99,1720.0
33,48,-71.57124316745634,43.6802370603039,-99.31712096957119,31.447212191842507,2019-07-02,164,2850.0
33,49,-71.57124316745634,43.6802370603039,-111.67824995489637,39.32376871301901,2019-07-02,43,747.0
33,50,-71.57124316745634,43.6802370603039,-72.66263037415419,44.075248233178044,2019-07-02,1542,26803.0
33,51,-71.57124316745634,43.6802370603039,-78.66634949421768,37.510873096830124,2019-07-02,302,5249.0
33,53,-71.57124316745634,43.6802370603039,-120.59289987466929,47.41163921872467,2019-07-02,78,1355.0
33,54,-71.57124316745634,43.6802370603039,-80.61370689717069,38.64256709677395,2019-07-02,33,573.0
33,55,-71.57124316745634,43.6802370603039,-89.73293305821664,44.63994410730462,2019-07-02,83,1442.0
33,56,-71.57124316745634,43.6802370603039,-107.55139421018254,42.9995374625361,2019-07-02,16,278.0
33,72,-71.57124316745634,43.6802370603039,-66.41466678397286,18.21569833731172,2019-07-02,8,139.0
34,01,-74.65561230865505,40.11017985292258,-86.8445209956579,32.75687994183124,2019-07-02,219,3321.0
34,02,-74.65561230865505,40.11017985292258,-151.59342192189865,63.742989015090714,2019-07-02,223,3382.0
34,04,-74.65561230865505,40.11017985292258,-111.6644603390921,34.29309519459149,2019-07-02,495,7507.0
34,05,-74.65561230865505,40.11017985292258,-92.43923686174863,34.8997724175194,2019-07-02,85,1289.0
34,06,-74.65561230865505,40.11017985292258,-119.6638458867405,37.21530826027419,2019-07-02,3677,55770.0
34,08,-74.65561230865505,40.11017985292258,-105.5478211203382,38.99853159698931,2019-07-02,1176,17836.0
34,09,-74.65561230865505,40.11017985292258,-72.73825767764087,41.575164149895755,2019-07-02,2490,37766.0
34,10,-74.65561230865505,40.11017985292258,-75.45249262811352,38.99497528640457,2019-07-02,2866,43469.0
34,11,-74.65561230865505,40.11017985292258,-77.0162909035438,38.90477388790585,2019-07-02,810,12285.0
34,12,-74.65561230865505,40.11017985292258,-82.46641838867941,28.477058414990193,2019-07-02,8272,125464.0
34,13,-74.65561230865505,40.11017985292258,-83.42714021377525,32.63861711465618,2019-07-02,1748,26512.0
34,15,-74.65561230865505,40.11017985292258,-158.1099738068461,20.995111199008356,2019-07-02,632,9585.0
34,16,-74.65561230865505,40.11017985292258,-114.6594139607683,44.389055086057056,2019-07-02,46,697.0
34,17,-74.65561230865505,40.11017985292258,-89.14863899339443,40.124200826969364,2019-07-02,1014,15379.0
34,18,-74.65561230865505,40.11017985292258,-86.28183838774677,39.919869617318085,2019-07-02,490,7432.0
34,19,-74.65561230865505,40.11017985292258,-93.50009011569544,42.07464832674591,2019-07-02,157,2381.0
34,20,-74.65561230865505,40.11017985292258,-98.38015540415404,38.484727072453566,2019-07-02,916,13893.0
34,21,-74.65561230865505,40.11017985292258,-85.29055223275348,37.5266141736611,2019-07-02,486,7371.0
34,22,-74.65561230865505,40.11017985292258,-91.81423318426776,30.909072897746587,2019-07-02,319,4838.0
34,23,-74.65561230865505,40.11017985292258,-69.20275986278288,45.27432853102379,2019-07-02,1059,16062.0
34,24,-74.65561230865505,40.11017985292258,-76.68717734070172,38.94649396258224,2019-07-02,3036,46048.0
34,25,-74.65561230865505,40.11017985292258,-71.503972041848,42.16009326868467,2019-07-02,3579,54284.0
34,26,-74.65561230865505,40.11017985292258,-85.73095291151436,44.874773603554175,2019-07-02,1060,16077.0
34,27,-74.65561230865505,40.11017985292258,-94.19830560457335,46.3491103788664,2019-07-02,312,4732.0
34,28,-74.65561230865505,40.11017985292258,-89.6533594096457,32.712892273261986,2019-07-02,121,1835.0
34,29,-74.65561230865505,40.11017985292258,-92.4774251950813,38.3676304410753,2019-07-02,285,4322.0
34,30,-74.65561230865505,40.11017985292258,-109.64520698796639,47.03342111039991,2019-07-02,172,2608.0
34,31,-74.65561230865505,40.11017985292258,-99.81085586033895,41.527151125231704,2019-07-02,106,1607.0
34,32,-74.65561230865505,40.11017985292258,-116.65524866805762,39.356185873030874,2019-07-02,625,9479.0
34,33,-74.65561230865505,40.11017985292258,-71.57124316745634,43.6802370603039,2019-07-02,411,6233.0
34,34,-74.65561230865505,40.11017985292258,-74.65561230865505,40.11017985292258,2019-07-02,1207064,18307986.0
34,35,-74.65561230865505,40.11017985292258,-106.1084438818861,34.42130099474041,2019-07-02,114,1729.0
34,36,-74.65561230865505,40.11017985292258,-75.59654322164518,42.92123354806042,2019-07-02,58289,884090.0
34,37,-74.65561230865505,40.11017985292258,-79.13090891837648,35.52603039243236,2019-07-02,2592,39313.0
34,38,-74.65561230865505,40.11017985292258,-100.4693907950372,47.446310421753914,2019-07-02,11,166.0
34,39,-74.65561230865505,40.11017985292258,-82.70937700691621,40.415486910016135,2019-07-02,1674,25390.0
34,40,-74.65561230865505,40.11017985292258,-97.50822793037422,35.583464652524235,2019-07-02,96,1456.0
34,41,-74.65561230865505,40.11017985292258,-120.60525631019901,43.94045138675371,2019-07-02,331,5020.0
34,42,-74.65561230865505,40.11017985292258,-77.83893800628347,40.896700506452106,2019-07-02,25655,389118.0
34,44,-74.65561230865505,40.11017985292258,-71.52472355562169,41.59463889844585,2019-07-02,517,7841.0
34,45,-74.65561230865505,40.11017985292258,-80.86459715523999,33.87785606967731,2019-07-02,2324,35248.0
34,46,-74.65561230865505,40.11017985292258,-100.23046550270404,44.43613758926095,2019-07-02,82,1243.0
34,47,-74.65561230865505,40.11017985292258,-86.34341233023729,35.84298014361061,2019-07-02,1101,16699.0
34,48,-74.65561230865505,40.11017985292258,-99.31712096957119,31.447212191842507,2019-07-02,1746,26482.0
34,49,-74.65561230865505,40.11017985292258,-111.67824995489637,39.32376871301901,2019-07-02,279,4231.0
34,50,-74.65561230865505,40.11017985292258,-72.66263037415419,44.075248233178044,2019-07-02,540,8190.0
34,51,-74.65561230865505,40.11017985292258,-78.66634949421768,37.510873096830124,2019-07-02,2866,43469.0
34,53,-74.65561230865505,40.11017985292258,-120.59289987466929,47.41163921872467,2019-07-02,356,5399.0
34,54,-74.65561230865505,40.11017985292258,-80.61370689717069,38.64256709677395,2019-07-02,383,5809.0
34,55,-74.65561230865505,40.11017985292258,-89.73293305821664,44.63994410730462,2019-07-02,311,4717.0
34,56,-74.65561230865505,40.11017985292258,-107.55139421018254,42.9995374625361,2019-07-02,136,2062.0
34,72,-74.65561230865505,40.11017985292258,-66.41466678397286,18.21569833731172,2019-07-02,169,2563.0
35,01,-106.1084438818861,34.42130099474041,-86.8445209956579,32.75687994183124,2019-07-02,109,2191.0
35,02,-106.1084438818861,34.42130099474041,-151.59342192189865,63.742989015090714,2019-07-02,47,945.0
35,04,-106.1084438818861,34.42130099474041,-111.6644603390921,34.29309519459149,2019-07-02,1605,32272.0
35,05,-106.1084438818861,34.42130099474041,-92.43923686174863,34.8997724175194,2019-07-02,173,3478.0
35,06,-106.1084438818861,34.42130099474041,-119.6638458867405,37.21530826027419,2019-07-02,1680,33780.0
35,08,-106.1084438818861,34.42130099474041,-105.5478211203382,38.99853159698931,2019-07-02,1983,39873.0
35,09,-106.1084438818861,34.42130099474041,-72.73825767764087,41.575164149895755,2019-07-02,18,361.0
35,10,-106.1084438818861,34.42130099474041,-75.45249262811352,38.99497528640457,2019-07-02,31,623.0
35,11,-106.1084438818861,34.42130099474041,-77.0162909035438,38.90477388790585,2019-07-02,60,1206.0
35,12,-106.1084438818861,34.42130099474041,-82.46641838867941,28.477058414990193,2019-07-02,439,8827.0
35,13,-106.1084438818861,34.42130099474041,-83.42714021377525,32.63861711465618,2019-07-02,263,5288.0
35,15,-106.1084438818861,34.42130099474041,-158.1099738068461,20.995111199008356,2019-07-02,97,1950.0
35,16,-106.1084438818861,34.42130099474041,-114.6594139607683,44.389055086057056,2019-07-02,144,2895.0
35,17,-106.1084438818861,34.42130099474041,-89.14863899339443,40.124200826969364,2019-07-02,248,4986.0
35,18,-106.1084438818861,34.42130099474041,-86.28183838774677,39.919869617318085,2019-07-02,133,2674.0
35,19,-106.1084438818861,34.42130099474041,-93.50009011569544,42.07464832674591,2019-07-02,77,1548.0
35,20,-106.1084438818861,34.42130099474041,-98.38015540415404,38.484727072453566,2019-07-02,377,7580.0
35,21,-106.1084438818861,34.42130099474041,-85.29055223275348,37.5266141736611,2019-07-02,36,723.0
35,22,-106.1084438818861,34.42130099474041,-91.81423318426776,30.909072897746587,2019-07-02,259,5207.0
35,23,-106.1084438818861,34.42130099474041,-69.20275986278288,45.27432853102379,2019-07-02,18,361.0
35,24,-106.1084438818861,34.42130099474041,-76.68717734070172,38.94649396258224,2019-07-02,84,1689.0
35,25,-106.1084438818861,34.42130099474041,-71.503972041848,42.16009326868467,2019-07-02,82,1648.0
35,26,-106.1084438818861,34.42130099474041,-85.73095291151436,44.874773603554175,2019-07-02,156,3136.0
35,27,-106.1084438818861,34.42130099474041,-94.19830560457335,46.3491103788664,2019-07-02,140,2815.0
35,28,-106.1084438818861,34.42130099474041,-89.6533594096457,32.712892273261986,2019-07-02,95,1910.0
35,29,-106.1084438818861,34.42130099474041,-92.4774251950813,38.3676304410753,2019-07-02,268,5388.0
35,30,-106.1084438818861,34.42130099474041,-109.64520698796639,47.03342111039991,2019-07-02,72,1447.0
35,31,-106.1084438818861,34.42130099474041,-99.81085586033895,41.527151125231704,2019-07-02,103,2071.0
35,32,-106.1084438818861,34.42130099474041,-116.65524866805762,39.356185873030874,2019-07-02,912,18337.0
35,33,-106.1084438818861,34.42130099474041,-71.57124316745634,43.6802370603039,2019-07-02,9,180.0
35,34,-106.1084438818861,34.42130099474041,-74.65561230865505,40.11017985292258,2019-07-02,66,1327.0
35,35,-106.1084438818861,34.42130099474041,-106.1084438818861,34.42130099474041,2019-07-02,195384,3928673.0
35,36,-106.1084438818861,34.42130099474041,-75.59654322164518,42.92123354806042,2019-07-02,274,5509.0
35,37,-106.1084438818861,34.42130099474041,-79.13090891837648,35.52603039243236,2019-07-02,116,2332.0
35,38,-106.1084438818861,34.42130099474041,-100.4693907950372,47.446310421753914,2019-07-02,21,422.0
35,39,-106.1084438818861,34.42130099474041,-82.70937700691621,40.415486910016135,2019-07-02,138,2774.0
35,40,-106.1084438818861,34.42130099474041,-97.50822793037422,35.583464652524235,2019-07-02,443,8907.0
35,41,-106.1084438818861,34.42130099474041,-120.60525631019901,43.94045138675371,2019-07-02,121,2433.0
35,42,-106.1084438818861,34.42130099474041,-77.83893800628347,40.896700506452106,2019-07-02,120,2412.0
35,44,-106.1084438818861,34.42130099474041,-71.52472355562169,41.59463889844585,2019-07-02,4,80.0
35,45,-106.1084438818861,34.42130099474041,-80.86459715523999,33.87785606967731,2019-07-02,76,1528.0
35,46,-106.1084438818861,34.42130099474041,-100.23046550270404,44.43613758926095,2019-07-02,41,824.0
35,47,-106.1084438818861,34.42130099474041,-86.34341233023729,35.84298014361061,2019-07-02,131,2634.0
35,48,-106.1084438818861,34.42130099474041,-99.31712096957119,31.447212191842507,2019-07-02,8592,172763.0
35,49,-106.1084438818861,34.42130099474041,-111.67824995489637,39.32376871301901,2019-07-02,378,7600.0
35,50,-106.1084438818861,34.42130099474041,-72.66263037415419,44.075248233178044,2019-07-02,7,140.0
35,51,-106.1084438818861,34.42130099474041,-78.66634949421768,37.510873096830124,2019-07-02,187,3760.0
35,53,-106.1084438818861,34.42130099474041,-120.59289987466929,47.41163921872467,2019-07-02,218,4383.0
35,54,-106.1084438818861,34.42130099474041,-80.61370689717069,38.64256709677395,2019-07-02,28,563.0
35,55,-106.1084438818861,34.42130099474041,-89.73293305821664,44.63994410730462,2019-07-02,110,2211.0
35,56,-106.1084438818861,34.42130099474041,-107.55139421018254,42.9995374625361,2019-07-02,99,1990.0
35,72,-106.1084438818861,34.42130099474041,-66.41466678397286,18.21569833731172,2019-07-02,4,80.0
36,01,-75.59654322164518,42.92123354806042,-86.8445209956579,32.75687994183124,2019-07-02,586,10153.0
36,02,-75.59654322164518,42.92123354806042,-151.59342192189865,63.742989015090714,2019-07-02,277,4799.0
36,04,-75.59654322164518,42.92123354806042,-111.6644603390921,34.29309519459149,2019-07-02,982,17015.0
36,05,-75.59654322164518,42.92123354806042,-92.43923686174863,34.8997724175194,2019-07-02,197,3413.0
36,06,-75.59654322164518,42.92123354806042,-119.6638458867405,37.21530826027419,2019-07-02,6909,119712.0
36,08,-75.59654322164518,42.92123354806042,-105.5478211203382,38.99853159698931,2019-07-02,1699,29438.0
36,09,-75.59654322164518,42.92123354806042,-72.73825767764087,41.575164149895755,2019-07-02,9201,159425.0
36,10,-75.59654322164518,42.92123354806042,-75.45249262811352,38.99497528640457,2019-07-02,1629,28225.0
36,11,-75.59654322164518,42.92123354806042,-77.0162909035438,38.90477388790585,2019-07-02,1283,22230.0
36,12,-75.59654322164518,42.92123354806042,-82.46641838867941,28.477058414990193,2019-07-02,14461,250565.0
36,13,-75.59654322164518,42.92123354806042,-83.42714021377525,32.63861711465618,2019-07-02,3102,53748.0
36,15,-75.59654322164518,42.92123354806042,-158.1099738068461,20.995111199008356,2019-07-02,823,14260.0
36,16,-75.59654322164518,42.92123354806042,-114.6594139607683,44.389055086057056,2019-07-02,107,1853.0
36,17,-75.59654322164518,42.92123354806042,-89.14863899339443,40.124200826969364,2019-07-02,2103,36438.0
36,18,-75.59654322164518,42.92123354806042,-86.28183838774677,39.919869617318085,2019-07-02,1235,21398.0
36,19,-75.59654322164518,42.92123354806042,-93.50009011569544,42.07464832674591,2019-07-02,308,5336.0
36,20,-75.59654322164518,42.92123354806042,-98.38015540415404,38.484727072453566,2019-07-02,3268,56624.0
36,21,-75.59654322164518,42.92123354806042,-85.29055223275348,37.5266141736611,2019-07-02,580,10049.0
36,22,-75.59654322164518,42.92123354806042,-91.81423318426776,30.909072897746587,2019-07-02,786,13619.0
36,23,-75.59654322164518,42.92123354806042,-69.20275986278288,45.27432853102379,2019-07-02,2005,34740.0
36,24,-75.59654322164518,42.92123354806042,-76.68717734070172,38.94649396258224,2019-07-02,3871,67072.0
36,25,-75.59654322164518,42.92123354806042,-71.503972041848,42.16009326868467,2019-07-02,7791,134994.0
36,26,-75.59654322164518,42.92123354806042,-85.73095291151436,44.874773603554175,2019-07-02,2273,39384.0
36,27,-75.59654322164518,42.92123354806042,-94.19830560457335,46.3491103788664,2019-07-02,961,16651.0
36,28,-75.59654322164518,42.92123354806042,-89.6533594096457,32.712892273261986,2019-07-02,180,3118.0
36,29,-75.59654322164518,42.92123354806042,-92.4774251950813,38.3676304410753,2019-07-02,711,12319.0
36,30,-75.59654322164518,42.92123354806042,-109.64520698796639,47.03342111039991,2019-07-02,264,4574.0
36,31,-75.59654322164518,42.92123354806042,-99.81085586033895,41.527151125231704,2019-07-02,130,2252.0
36,32,-75.59654322164518,42.92123354806042,-116.65524866805762,39.356185873030874,2019-07-02,1209,20948.0
36,33,-75.59654322164518,42.92123354806042,-71.57124316745634,43.6802370603039,2019-07-02,995,17240.0
36,34,-75.59654322164518,42.92123354806042,-74.65561230865505,40.11017985292258,2019-07-02,32764,567701.0
36,35,-75.59654322164518,42.92123354806042,-106.1084438818861,34.42130099474041,2019-07-02,232,4019.0
36,36,-75.59654322164518,42.92123354806042,-75.59654322164518,42.92123354806042,2019-07-02,2329219,40358346.0
36,37,-75.59654322164518,42.92123354806042,-79.13090891837648,35.52603039243236,2019-07-02,4516,78248.0
36,38,-75.59654322164518,42.92123354806042,-100.4693907950372,47.446310421753914,2019-07-02,66,1143.0
36,39,-75.59654322164518,42.92123354806042,-82.70937700691621,40.415486910016135,2019-07-02,4425,76671.0
36,40,-75.59654322164518,42.92123354806042,-97.50822793037422,35.583464652524235,2019-07-02,331,5735.0
36,41,-75.59654322164518,42.92123354806042,-120.60525631019901,43.94045138675371,2019-07-02,450,7797.0
36,42,-75.59654322164518,42.92123354806042,-77.83893800628347,40.896700506452106,2019-07-02,13846,239909.0
36,44,-75.59654322164518,42.92123354806042,-71.52472355562169,41.59463889844585,2019-07-02,1255,21745.0
36,45,-75.59654322164518,42.92123354806042,-80.86459715523999,33.87785606967731,2019-07-02,3497,60592.0
36,46,-75.59654322164518,42.92123354806042,-100.23046550270404,44.43613758926095,2019-07-02,215,3725.0
36,47,-75.59654322164518,42.92123354806042,-86.34341233023729,35.84298014361061,2019-07-02,1654,28658.0
36,48,-75.59654322164518,42.92123354806042,-99.31712096957119,31.447212191842507,2019-07-02,2978,51599.0
36,49,-75.59654322164518,42.92123354806042,-111.67824995489637,39.32376871301901,2019-07-02,455,7883.0
36,50,-75.59654322164518,42.92123354806042,-72.66263037415419,44.075248233178044,2019-07-02,1649,28572.0
36,51,-75.59654322164518,42.92123354806042,-78.66634949421768,37.510873096830124,2019-07-02,4730,81956.0
36,53,-75.59654322164518,42.92123354806042,-120.59289987466929,47.41163921872467,2019-07-02,861,14918.0
36,54,-75.59654322164518,42.92123354806042,-80.61370689717069,38.64256709677395,2019-07-02,472,8178.0
36,55,-75.59654322164518,42.92123354806042,-89.73293305821664,44.63994410730462,2019-07-02,844,14623.0
36,56,-75.59654322164518,42.92123354806042,-107.55139421018254,42.9995374625361,2019-07-02,270,4678.0
36,72,-75.59654322164518,42.92123354806042,-66.41466678397286,18.21569833731172,2019-07-02,310,5371.0
37,01,-79.13090891837648,35.52603039243236,-86.8445209956579,32.75687994183124,2019-07-02,1726,22620.0
37,02,-79.13090891837648,35.52603039243236,-151.59342192189865,63.742989015090714,2019-07-02,266,3486.0
37,04,-79.13090891837648,35.52603039243236,-111.6644603390921,34.29309519459149,2019-07-02,613,8033.0
37,05,-79.13090891837648,35.52603039243236,-92.43923686174863,34.8997724175194,2019-07-02,667,8741.0
37,06,-79.13090891837648,35.52603039243236,-119.6638458867405,37.21530826027419,2019-07-02,3728,48857.0
37,08,-79.13090891837648,35.52603039243236,-105.5478211203382,38.99853159698931,2019-07-02,1647,21584.0
37,09,-79.13090891837648,35.52603039243236,-72.73825767764087,41.575164149895755,2019-07-02,761,9973.0
37,10,-79.13090891837648,35.52603039243236,-75.45249262811352,38.99497528640457,2019-07-02,461,6041.0
37,11,-79.13090891837648,35.52603039243236,-77.0162909035438,38.90477388790585,2019-07-02,587,7692.0
37,12,-79.13090891837648,35.52603039243236,-82.46641838867941,28.477058414990193,2019-07-02,12693,166349.0
37,13,-79.13090891837648,35.52603039243236,-83.42714021377525,32.63861711465618,2019-07-02,9617,126036.0
37,15,-79.13090891837648,35.52603039243236,-158.1099738068461,20.995111199008356,2019-07-02,705,9239.0
37,16,-79.13090891837648,35.52603039243236,-114.6594139607683,44.389055086057056,2019-07-02,176,2306.0
37,17,-79.13090891837648,35.52603039243236,-89.14863899339443,40.124200826969364,2019-07-02,1893,24808.0
37,18,-79.13090891837648,35.52603039243236,-86.28183838774677,39.919869617318085,2019-07-02,1494,19579.0
37,19,-79.13090891837648,35.52603039243236,-93.50009011569544,42.07464832674591,2019-07-02,540,7077.0
37,20,-79.13090891837648,35.52603039243236,-98.38015540415404,38.484727072453566,2019-07-02,2347,30758.0
37,21,-79.13090891837648,35.52603039243236,-85.29055223275348,37.5266141736611,2019-07-02,1640,21493.0
37,22,-79.13090891837648,35.52603039243236,-91.81423318426776,30.909072897746587,2019-07-02,777,10183.0
37,23,-79.13090891837648,35.52603039243236,-69.20275986278288,45.27432853102379,2019-07-02,751,9842.0
37,24,-79.13090891837648,35.52603039243236,-76.68717734070172,38.94649396258224,2019-07-02,2390,31322.0
37,25,-79.13090891837648,35.52603039243236,-71.503972041848,42.16009326868467,2019-07-02,1491,19540.0
37,26,-79.13090891837648,35.52603039243236,-85.73095291151436,44.874773603554175,2019-07-02,2140,28045.0
37,27,-79.13090891837648,35.52603039243236,-94.19830560457335,46.3491103788664,2019-07-02,615,8059.0
37,28,-79.13090891837648,35.52603039243236,-89.6533594096457,32.712892273261986,2019-07-02,644,8439.0
37,29,-79.13090891837648,35.52603039243236,-92.4774251950813,38.3676304410753,2019-07-02,1023,13407.0
37,30,-79.13090891837648,35.52603039243236,-109.64520698796639,47.03342111039991,2019-07-02,298,3905.0
37,31,-79.13090891837648,35.52603039243236,-99.81085586033895,41.527151125231704,2019-07-02,259,3394.0
37,32,-79.13090891837648,35.52603039243236,-116.65524866805762,39.356185873030874,2019-07-02,823,10785.0
37,33,-79.13090891837648,35.52603039243236,-71.57124316745634,43.6802370603039,2019-07-02,386,5058.0
37,34,-79.13090891837648,35.52603039243236,-74.65561230865505,40.11017985292258,2019-07-02,2560,33550.0
37,35,-79.13090891837648,35.52603039243236,-106.1084438818861,34.42130099474041,2019-07-02,276,3617.0
37,36,-79.13090891837648,35.52603039243236,-75.59654322164518,42.92123354806042,2019-07-02,6687,87636.0
37,37,-79.13090891837648,35.52603039243236,-79.13090891837648,35.52603039243236,2019-07-02,1568041,20550079.0
37,38,-79.13090891837648,35.52603039243236,-100.4693907950372,47.446310421753914,2019-07-02,68,891.0
37,39,-79.13090891837648,35.52603039243236,-82.70937700691621,40.415486910016135,2019-07-02,3412,44716.0
37,40,-79.13090891837648,35.52603039243236,-97.50822793037422,35.583464652524235,2019-07-02,583,7640.0
37,41,-79.13090891837648,35.52603039243236,-120.60525631019901,43.94045138675371,2019-07-02,421,5517.0
37,42,-79.13090891837648,35.52603039243236,-77.83893800628347,40.896700506452106,2019-07-02,3883,50888.0
37,44,-79.13090891837648,35.52603039243236,-71.52472355562169,41.59463889844585,2019-07-02,283,3708.0
37,45,-79.13090891837648,35.52603039243236,-80.86459715523999,33.87785606967731,2019-07-02,39880,522650.0
37,46,-79.13090891837648,35.52603039243236,-100.23046550270404,44.43613758926095,2019-07-02,247,3237.0
37,47,-79.13090891837648,35.52603039243236,-86.34341233023729,35.84298014361061,2019-07-02,6990,91607.0
37,48,-79.13090891837648,35.52603039243236,-99.31712096957119,31.447212191842507,2019-07-02,3551,46537.0
37,49,-79.13090891837648,35.52603039243236,-111.67824995489637,39.32376871301901,2019-07-02,462,6054.0
37,50,-79.13090891837648,35.52603039243236,-72.66263037415419,44.075248233178044,2019-07-02,242,3171.0
37,51,-79.13090891837648,35.52603039243236,-78.66634949421768,37.510873096830124,2019-07-02,15513,203306.0
37,53,-79.13090891837648,35.52603039243236,-120.59289987466929,47.41163921872467,2019-07-02,805,10549.0
37,54,-79.13090891837648,35.52603039243236,-80.61370689717069,38.64256709677395,2019-07-02,1487,19487.0
37,55,-79.13090891837648,35.52603039243236,-89.73293305821664,44.63994410730462,2019-07-02,840,11008.0
37,56,-79.13090891837648,35.52603039243236,-107.55139421018254,42.9995374625361,2019-07-02,334,4377.0
37,72,-79.13090891837648,35.52603039243236,-66.41466678397286,18.21569833731172,2019-07-02,83,1087.0
38,01,-100.4693907950372,47.446310421753914,-86.8445209956579,32.75687994183124,2019-07-02,43,554.0
38,02,-100.4693907950372,47.446310421753914,-151.59342192189865,63.742989015090714,2019-07-02,15,193.0
38,04,-100.4693907950372,47.446310421753914,-111.6644603390921,34.29309519459149,2019-07-02,221,2847.0
38,05,-100.4693907950372,47.446310421753914,-92.43923686174863,34.8997724175194,2019-07-02,99,1275.0
38,06,-100.4693907950372,47.446310421753914,-119.6638458867405,37.21530826027419,2019-07-02,301,3878.0
38,08,-100.4693907950372,47.446310421753914,-105.5478211203382,38.99853159698931,2019-07-02,332,4277.0
38,09,-100.4693907950372,47.446310421753914,-72.73825767764087,41.575164149895755,2019-07-02,15,193.0
38,10,-100.4693907950372,47.446310421753914,-75.45249262811352,38.99497528640457,2019-07-02,8,103.0
38,11,-100.4693907950372,47.446310421753914,-77.0162909035438,38.90477388790585,2019-07-02,20,257.0
38,12,-100.4693907950372,47.446310421753914,-82.46641838867941,28.477058414990193,2019-07-02,170,2190.0
38,13,-100.4693907950372,47.446310421753914,-83.42714021377525,32.63861711465618,2019-07-02,67,863.0
38,15,-100.4693907950372,47.446310421753914,-158.1099738068461,20.995111199008356,2019-07-02,19,244.0
38,16,-100.4693907950372,47.446310421753914,-114.6594139607683,44.389055086057056,2019-07-02,160,2061.0
38,17,-100.4693907950372,47.446310421753914,-89.14863899339443,40.124200826969364,2019-07-02,278,3582.0
38,18,-100.4693907950372,47.446310421753914,-86.28183838774677,39.919869617318085,2019-07-02,82,1056.0
38,19,-100.4693907950372,47.446310421753914,-93.50009011569544,42.07464832674591,2019-07-02,158,2035.0
38,20,-100.4693907950372,47.446310421753914,-98.38015540415404,38.484727072453566,2019-07-02,170,2190.0
38,21,-100.4693907950372,47.446310421753914,-85.29055223275348,37.5266141736611,2019-07-02,17,219.0
38,22,-100.4693907950372,47.446310421753914,-91.81423318426776,30.909072897746587,2019-07-02,50,644.0
38,23,-100.4693907950372,47.446310421753914,-69.20275986278288,45.27432853102379,2019-07-02,8,103.0
38,24,-100.4693907950372,47.446310421753914,-76.68717734070172,38.94649396258224,2019-07-02,56,721.0
38,25,-100.4693907950372,47.446310421753914,-71.503972041848,42.16009326868467,2019-07-02,45,579.0
38,26,-100.4693907950372,47.446310421753914,-85.73095291151436,44.874773603554175,2019-07-02,149,1919.0
38,27,-100.4693907950372,47.446310421753914,-94.19830560457335,46.3491103788664,2019-07-02,5119,65958.0
38,28,-100.4693907950372,47.446310421753914,-89.6533594096457,32.712892273261986,2019-07-02,47,605.0
38,29,-100.4693907950372,47.446310421753914,-92.4774251950813,38.3676304410753,2019-07-02,176,2267.0
38,30,-100.4693907950372,47.446310421753914,-109.64520698796639,47.03342111039991,2019-07-02,724,9328.0
38,31,-100.4693907950372,47.446310421753914,-99.81085586033895,41.527151125231704,2019-07-02,259,3337.0
38,32,-100.4693907950372,47.446310421753914,-116.65524866805762,39.356185873030874,2019-07-02,110,1417.0
38,33,-100.4693907950372,47.446310421753914,-71.57124316745634,43.6802370603039,2019-07-02,16,206.0
38,34,-100.4693907950372,47.446310421753914,-74.65561230865505,40.11017985292258,2019-07-02,22,283.0
38,35,-100.4693907950372,47.446310421753914,-106.1084438818861,34.42130099474041,2019-07-02,76,979.0
38,36,-100.4693907950372,47.446310421753914,-75.59654322164518,42.92123354806042,2019-07-02,87,1121.0
38,37,-100.4693907950372,47.446310421753914,-79.13090891837648,35.52603039243236,2019-07-02,48,618.0
38,38,-100.4693907950372,47.446310421753914,-100.4693907950372,47.446310421753914,2019-07-02,101479,1307562.0
38,39,-100.4693907950372,47.446310421753914,-82.70937700691621,40.415486910016135,2019-07-02,109,1404.0
38,40,-100.4693907950372,47.446310421753914,-97.50822793037422,35.583464652524235,2019-07-02,170,2190.0
38,41,-100.4693907950372,47.446310421753914,-120.60525631019901,43.94045138675371,2019-07-02,112,1443.0
38,42,-100.4693907950372,47.446310421753914,-77.83893800628347,40.896700506452106,2019-07-02,56,721.0
38,44,-100.4693907950372,47.446310421753914,-71.52472355562169,41.59463889844585,2019-07-02,3,38.0
38,45,-100.4693907950372,47.446310421753914,-80.86459715523999,33.87785606967731,2019-07-02,51,657.0
38,46,-100.4693907950372,47.446310421753914,-100.23046550270404,44.43613758926095,2019-07-02,896,11545.0
38,47,-100.4693907950372,47.446310421753914,-86.34341233023729,35.84298014361061,2019-07-02,50,644.0
38,48,-100.4693907950372,47.446310421753914,-99.31712096957119,31.447212191842507,2019-07-02,576,7421.0
38,49,-100.4693907950372,47.446310421753914,-111.67824995489637,39.32376871301901,2019-07-02,140,1803.0
38,51,-100.4693907950372,47.446310421753914,-78.66634949421768,37.510873096830124,2019-07-02,59,760.0
38,53,-100.4693907950372,47.446310421753914,-120.59289987466929,47.41163921872467,2019-07-02,191,2461.0
38,54,-100.4693907950372,47.446310421753914,-80.61370689717069,38.64256709677395,2019-07-02,3,38.0
38,55,-100.4693907950372,47.446310421753914,-89.73293305821664,44.63994410730462,2019-07-02,289,3723.0
38,56,-100.4693907950372,47.446310421753914,-107.55139421018254,42.9995374625361,2019-07-02,175,2254.0
38,72,-100.4693907950372,47.446310421753914,-66.41466678397286,18.21569833731172,2019-07-02,5,64.0
39,01,-82.70937700691621,40.415486910016135,-86.8445209956579,32.75687994183124,2019-07-02,1460,19586.0
39,02,-82.70937700691621,40.415486910016135,-151.59342192189865,63.742989015090714,2019-07-02,214,2870.0
39,04,-82.70937700691621,40.415486910016135,-111.6644603390921,34.29309519459149,2019-07-02,864,11590.0
39,05,-82.70937700691621,40.415486910016135,-92.43923686174863,34.8997724175194,2019-07-02,492,6600.0
39,06,-82.70937700691621,40.415486910016135,-119.6638458867405,37.21530826027419,2019-07-02,3989,53513.0
39,08,-82.70937700691621,40.415486910016135,-105.5478211203382,38.99853159698931,2019-07-02,2140,28708.0
39,09,-82.70937700691621,40.415486910016135,-72.73825767764087,41.575164149895755,2019-07-02,603,8089.0
39,10,-82.70937700691621,40.415486910016135,-75.45249262811352,38.99497528640457,2019-07-02,370,4963.0
39,11,-82.70937700691621,40.415486910016135,-77.0162909035438,38.90477388790585,2019-07-02,422,5661.0
39,12,-82.70937700691621,40.415486910016135,-82.46641838867941,28.477058414990193,2019-07-02,15125,202905.0
39,13,-82.70937700691621,40.415486910016135,-83.42714021377525,32.63861711465618,2019-07-02,3779,50696.0
39,15,-82.70937700691621,40.415486910016135,-158.1099738068461,20.995111199008356,2019-07-02,770,10329.0
39,16,-82.70937700691621,40.415486910016135,-114.6594139607683,44.389055086057056,2019-07-02,135,1811.0
39,17,-82.70937700691621,40.415486910016135,-89.14863899339443,40.124200826969364,2019-07-02,3729,50025.0
39,18,-82.70937700691621,40.415486910016135,-86.28183838774677,39.919869617318085,2019-07-02,9106,122159.0
39,19,-82.70937700691621,40.415486910016135,-93.50009011569544,42.07464832674591,2019-07-02,678,9095.0
39,20,-82.70937700691621,40.415486910016135,-98.38015540415404,38.484727072453566,2019-07-02,2475,33202.0
39,21,-82.70937700691621,40.415486910016135,-85.29055223275348,37.5266141736611,2019-07-02,13901,186485.0
39,22,-82.70937700691621,40.415486910016135,-91.81423318426776,30.909072897746587,2019-07-02,488,6546.0
39,23,-82.70937700691621,40.415486910016135,-69.20275986278288,45.27432853102379,2019-07-02,1065,14287.0
39,24,-82.70937700691621,40.415486910016135,-76.68717734070172,38.94649396258224,2019-07-02,1461,19599.0
39,25,-82.70937700691621,40.415486910016135,-71.503972041848,42.16009326868467,2019-07-02,1449,19438.0
39,26,-82.70937700691621,40.415486910016135,-85.73095291151436,44.874773603554175,2019-07-02,16381,219755.0
39,27,-82.70937700691621,40.415486910016135,-94.19830560457335,46.3491103788664,2019-07-02,717,9618.0
39,28,-82.70937700691621,40.415486910016135,-89.6533594096457,32.712892273261986,2019-07-02,453,6077.0
39,29,-82.70937700691621,40.415486910016135,-92.4774251950813,38.3676304410753,2019-07-02,1692,22698.0
39,30,-82.70937700691621,40.415486910016135,-109.64520698796639,47.03342111039991,2019-07-02,435,5835.0
39,31,-82.70937700691621,40.415486910016135,-99.81085586033895,41.527151125231704,2019-07-02,272,3648.0
39,32,-82.70937700691621,40.415486910016135,-116.65524866805762,39.356185873030874,2019-07-02,1048,14059.0
39,33,-82.70937700691621,40.415486910016135,-71.57124316745634,43.6802370603039,2019-07-02,468,6278.0
39,34,-82.70937700691621,40.415486910016135,-74.65561230865505,40.11017985292258,2019-07-02,1384,18566.0
39,35,-82.70937700691621,40.415486910016135,-106.1084438818861,34.42130099474041,2019-07-02,255,3420.0
39,36,-82.70937700691621,40.415486910016135,-75.59654322164518,42.92123354806042,2019-07-02,4894,65654.0
39,37,-82.70937700691621,40.415486910016135,-79.13090891837648,35.52603039243236,2019-07-02,5313,71275.0
39,38,-82.70937700691621,40.415486910016135,-100.4693907950372,47.446310421753914,2019-07-02,98,1314.0
39,39,-82.70937700691621,40.415486910016135,-82.70937700691621,40.415486910016135,2019-07-02,1660958,22282170.0
39,40,-82.70937700691621,40.415486910016135,-97.50822793037422,35.583464652524235,2019-07-02,591,7928.0
39,41,-82.70937700691621,40.415486910016135,-120.60525631019901,43.94045138675371,2019-07-02,283,3796.0
39,42,-82.70937700691621,40.415486910016135,-77.83893800628347,40.896700506452106,2019-07-02,9956,133562.0
39,44,-82.70937700691621,40.415486910016135,-71.52472355562169,41.59463889844585,2019-07-02,199,2669.0
39,45,-82.70937700691621,40.415486910016135,-80.86459715523999,33.87785606967731,2019-07-02,9052,121434.0
39,46,-82.70937700691621,40.415486910016135,-100.23046550270404,44.43613758926095,2019-07-02,296,3970.0
39,47,-82.70937700691621,40.415486910016135,-86.34341233023729,35.84298014361061,2019-07-02,5895,79082.0
39,48,-82.70937700691621,40.415486910016135,-99.31712096957119,31.447212191842507,2019-07-02,3359,45061.0
39,49,-82.70937700691621,40.415486910016135,-111.67824995489637,39.32376871301901,2019-07-02,612,8210.0
39,50,-82.70937700691621,40.415486910016135,-72.66263037415419,44.075248233178044,2019-07-02,161,2159.0
39,51,-82.70937700691621,40.415486910016135,-78.66634949421768,37.510873096830124,2019-07-02,3100,41587.0
39,53,-82.70937700691621,40.415486910016135,-120.59289987466929,47.41163921872467,2019-07-02,1038,13925.0
39,54,-82.70937700691621,40.415486910016135,-80.61370689717069,38.64256709677395,2019-07-02,8461,113506.0
39,55,-82.70937700691621,40.415486910016135,-89.73293305821664,44.63994410730462,2019-07-02,1387,18606.0
39,56,-82.70937700691621,40.415486910016135,-107.55139421018254,42.9995374625361,2019-07-02,342,4588.0
39,72,-82.70937700691621,40.415486910016135,-66.41466678397286,18.21569833731172,2019-07-02,61,818.0
40,01,-97.50822793037422,35.583464652524235,-86.8445209956579,32.75687994183124,2019-07-02,1034,13158.0
40,02,-97.50822793037422,35.583464652524235,-151.59342192189865,63.742989015090714,2019-07-02,122,1552.0
40,04,-97.50822793037422,35.583464652524235,-111.6644603390921,34.29309519459149,2019-07-02,795,10117.0
40,05,-97.50822793037422,35.583464652524235,-92.43923686174863,34.8997724175194,2019-07-02,6431,81840.0
40,06,-97.50822793037422,35.583464652524235,-119.6638458867405,37.21530826027419,2019-07-02,2404,30593.0
40,08,-97.50822793037422,35.583464652524235,-105.5478211203382,38.99853159698931,2019-07-02,4141,52697.0
40,09,-97.50822793037422,35.583464652524235,-72.73825767764087,41.575164149895755,2019-07-02,107,1361.0
40,10,-97.50822793037422,35.583464652524235,-75.45249262811352,38.99497528640457,2019-07-02,18,229.0
40,11,-97.50822793037422,35.583464652524235,-77.0162909035438,38.90477388790585,2019-07-02,243,3092.0
40,12,-97.50822793037422,35.583464652524235,-82.46641838867941,28.477058414990193,2019-07-02,3891,49516.0
40,13,-97.50822793037422,35.583464652524235,-83.42714021377525,32.63861711465618,2019-07-02,681,8666.0
40,15,-97.50822793037422,35.583464652524235,-158.1099738068461,20.995111199008356,2019-07-02,449,5713.0
40,16,-97.50822793037422,35.583464652524235,-114.6594139607683,44.389055086057056,2019-07-02,197,2506.0
40,17,-97.50822793037422,35.583464652524235,-89.14863899339443,40.124200826969364,2019-07-02,1111,14138.0
40,18,-97.50822793037422,35.583464652524235,-86.28183838774677,39.919869617318085,2019-07-02,628,7991.0
40,19,-97.50822793037422,35.583464652524235,-93.50009011569544,42.07464832674591,2019-07-02,469,5968.0
40,20,-97.50822793037422,35.583464652524235,-98.38015540415404,38.484727072453566,2019-07-02,3577,45520.0
40,21,-97.50822793037422,35.583464652524235,-85.29055223275348,37.5266141736611,2019-07-02,274,3486.0
40,22,-97.50822793037422,35.583464652524235,-91.81423318426776,30.909072897746587,2019-07-02,859,10931.0
40,23,-97.50822793037422,35.583464652524235,-69.20275986278288,45.27432853102379,2019-07-02,89,1132.0
40,24,-97.50822793037422,35.583464652524235,-76.68717734070172,38.94649396258224,2019-07-02,190,2417.0
40,25,-97.50822793037422,35.583464652524235,-71.503972041848,42.16009326868467,2019-07-02,243,3092.0
40,26,-97.50822793037422,35.583464652524235,-85.73095291151436,44.874773603554175,2019-07-02,756,9620.0
40,27,-97.50822793037422,35.583464652524235,-94.19830560457335,46.3491103788664,2019-07-02,317,4034.0
40,28,-97.50822793037422,35.583464652524235,-89.6533594096457,32.712892273261986,2019-07-02,570,7253.0
40,29,-97.50822793037422,35.583464652524235,-92.4774251950813,38.3676304410753,2019-07-02,4284,54517.0
40,30,-97.50822793037422,35.583464652524235,-109.64520698796639,47.03342111039991,2019-07-02,277,3525.0
40,31,-97.50822793037422,35.583464652524235,-99.81085586033895,41.527151125231704,2019-07-02,281,3575.0
40,32,-97.50822793037422,35.583464652524235,-116.65524866805762,39.356185873030874,2019-07-02,445,5663.0
40,33,-97.50822793037422,35.583464652524235,-71.57124316745634,43.6802370603039,2019-07-02,36,458.0
40,34,-97.50822793037422,35.583464652524235,-74.65561230865505,40.11017985292258,2019-07-02,180,2290.0
40,35,-97.50822793037422,35.583464652524235,-106.1084438818861,34.42130099474041,2019-07-02,1212,15423.0
40,36,-97.50822793037422,35.583464652524235,-75.59654322164518,42.92123354806042,2019-07-02,843,10727.0
40,37,-97.50822793037422,35.583464652524235,-79.13090891837648,35.52603039243236,2019-07-02,459,5841.0
40,38,-97.50822793037422,35.583464652524235,-100.4693907950372,47.446310421753914,2019-07-02,120,1527.0
40,39,-97.50822793037422,35.583464652524235,-82.70937700691621,40.415486910016135,2019-07-02,500,6362.0
40,40,-97.50822793037422,35.583464652524235,-97.50822793037422,35.583464652524235,2019-07-02,679387,8645794.0
40,41,-97.50822793037422,35.583464652524235,-120.60525631019901,43.94045138675371,2019-07-02,234,2977.0
40,42,-97.50822793037422,35.583464652524235,-77.83893800628347,40.896700506452106,2019-07-02,335,4263.0
40,44,-97.50822793037422,35.583464652524235,-71.52472355562169,41.59463889844585,2019-07-02,18,229.0
40,45,-97.50822793037422,35.583464652524235,-80.86459715523999,33.87785606967731,2019-07-02,480,6108.0
40,46,-97.50822793037422,35.583464652524235,-100.23046550270404,44.43613758926095,2019-07-02,299,3805.0
40,47,-97.50822793037422,35.583464652524235,-86.34341233023729,35.84298014361061,2019-07-02,1018,12954.0
40,48,-97.50822793037422,35.583464652524235,-99.31712096957119,31.447212191842507,2019-07-02,16459,209455.0
40,49,-97.50822793037422,35.583464652524235,-111.67824995489637,39.32376871301901,2019-07-02,362,4606.0
40,50,-97.50822793037422,35.583464652524235,-72.66263037415419,44.075248233178044,2019-07-02,22,279.0
40,51,-97.50822793037422,35.583464652524235,-78.66634949421768,37.510873096830124,2019-07-02,475,6044.0
40,53,-97.50822793037422,35.583464652524235,-120.59289987466929,47.41163921872467,2019-07-02,448,5701.0
40,54,-97.50822793037422,35.583464652524235,-80.61370689717069,38.64256709677395,2019-07-02,75,954.0
40,55,-97.50822793037422,35.583464652524235,-89.73293305821664,44.63994410730462,2019-07-02,293,3728.0
40,56,-97.50822793037422,35.583464652524235,-107.55139421018254,42.9995374625361,2019-07-02,316,4021.0
40,72,-97.50822793037422,35.583464652524235,-66.41466678397286,18.21569833731172,2019-07-02,4,50.0
41,01,-120.60525631019901,43.94045138675371,-86.8445209956579,32.75687994183124,2019-07-02,75,1340.0
41,02,-120.60525631019901,43.94045138675371,-151.59342192189865,63.742989015090714,2019-07-02,315,5628.0
41,04,-120.60525631019901,43.94045138675371,-111.6644603390921,34.29309519459149,2019-07-02,613,10953.0
41,05,-120.60525631019901,43.94045138675371,-92.43923686174863,34.8997724175194,2019-07-02,112,2001.0
41,06,-120.60525631019901,43.94045138675371,-119.6638458867405,37.21530826027419,2019-07-02,5825,104083.0
41,08,-120.60525631019901,43.94045138675371,-105.5478211203382,38.99853159698931,2019-07-02,869,15527.0
41,09,-120.60525631019901,43.94045138675371,-72.73825767764087,41.575164149895755,2019-07-02,33,589.0
41,10,-120.60525631019901,43.94045138675371,-75.45249262811352,38.99497528640457,2019-07-02,14,250.0
41,11,-120.60525631019901,43.94045138675371,-77.0162909035438,38.90477388790585,2019-07-02,59,1054.0
41,12,-120.60525631019901,43.94045138675371,-82.46641838867941,28.477058414990193,2019-07-02,536,9577.0
41,13,-120.60525631019901,43.94045138675371,-83.42714021377525,32.63861711465618,2019-07-02,218,3895.0
41,15,-120.60525631019901,43.94045138675371,-158.1099738068461,20.995111199008356,2019-07-02,1081,19315.0
41,16,-120.60525631019901,43.94045138675371,-114.6594139607683,44.389055086057056,2019-07-02,1812,32377.0
41,17,-120.60525631019901,43.94045138675371,-89.14863899339443,40.124200826969364,2019-07-02,335,5985.0
41,18,-120.60525631019901,43.94045138675371,-86.28183838774677,39.919869617318085,2019-07-02,212,3788.0
41,19,-120.60525631019901,43.94045138675371,-93.50009011569544,42.07464832674591,2019-07-02,124,2215.0
41,20,-120.60525631019901,43.94045138675371,-98.38015540415404,38.484727072453566,2019-07-02,760,13580.0
41,21,-120.60525631019901,43.94045138675371,-85.29055223275348,37.5266141736611,2019-07-02,109,1947.0
41,22,-120.60525631019901,43.94045138675371,-91.81423318426776,30.909072897746587,2019-07-02,152,2716.0
41,23,-120.60525631019901,43.94045138675371,-69.20275986278288,45.27432853102379,2019-07-02,28,500.0
41,24,-120.60525631019901,43.94045138675371,-76.68717734070172,38.94649396258224,2019-07-02,81,1447.0
41,25,-120.60525631019901,43.94045138675371,-71.503972041848,42.16009326868467,2019-07-02,180,3216.0
41,26,-120.60525631019901,43.94045138675371,-85.73095291151436,44.874773603554175,2019-07-02,214,3823.0
41,27,-120.60525631019901,43.94045138675371,-94.19830560457335,46.3491103788664,2019-07-02,212,3788.0
41,28,-120.60525631019901,43.94045138675371,-89.6533594096457,32.712892273261986,2019-07-02,21,375.0
41,29,-120.60525631019901,43.94045138675371,-92.4774251950813,38.3676304410753,2019-07-02,261,4663.0
41,30,-120.60525631019901,43.94045138675371,-109.64520698796639,47.03342111039991,2019-07-02,566,10113.0
41,31,-120.60525631019901,43.94045138675371,-99.81085586033895,41.527151125231704,2019-07-02,121,2162.0
41,32,-120.60525631019901,43.94045138675371,-116.65524866805762,39.356185873030874,2019-07-02,809,14455.0
41,33,-120.60525631019901,43.94045138675371,-71.57124316745634,43.6802370603039,2019-07-02,73,1304.0
41,34,-120.60525631019901,43.94045138675371,-74.65561230865505,40.11017985292258,2019-07-02,92,1643.0
41,35,-120.60525631019901,43.94045138675371,-106.1084438818861,34.42130099474041,2019-07-02,188,3359.0
41,36,-120.60525631019901,43.94045138675371,-75.59654322164518,42.92123354806042,2019-07-02,480,8576.0
41,37,-120.60525631019901,43.94045138675371,-79.13090891837648,35.52603039243236,2019-07-02,171,3055.0
41,38,-120.60525631019901,43.94045138675371,-100.4693907950372,47.446310421753914,2019-07-02,77,1375.0
41,39,-120.60525631019901,43.94045138675371,-82.70937700691621,40.415486910016135,2019-07-02,264,4717.0
41,40,-120.60525631019901,43.94045138675371,-97.50822793037422,35.583464652524235,2019-07-02,142,2537.0
41,41,-120.60525631019901,43.94045138675371,-120.60525631019901,43.94045138675371,2019-07-02,436380,7797428.0
41,42,-120.60525631019901,43.94045138675371,-77.83893800628347,40.896700506452106,2019-07-02,220,3931.0
41,44,-120.60525631019901,43.94045138675371,-71.52472355562169,41.59463889844585,2019-07-02,25,446.0
41,45,-120.60525631019901,43.94045138675371,-80.86459715523999,33.87785606967731,2019-07-02,175,3126.0
41,46,-120.60525631019901,43.94045138675371,-100.23046550270404,44.43613758926095,2019-07-02,118,2108.0
41,47,-120.60525631019901,43.94045138675371,-86.34341233023729,35.84298014361061,2019-07-02,165,2948.0
41,48,-120.60525631019901,43.94045138675371,-99.31712096957119,31.447212191842507,2019-07-02,819,14634.0
41,49,-120.60525631019901,43.94045138675371,-111.67824995489637,39.32376871301901,2019-07-02,790,14116.0
41,50,-120.60525631019901,43.94045138675371,-72.66263037415419,44.075248233178044,2019-07-02,16,285.0
41,51,-120.60525631019901,43.94045138675371,-78.66634949421768,37.510873096830124,2019-07-02,146,2608.0
41,53,-120.60525631019901,43.94045138675371,-120.59289987466929,47.41163921872467,2019-07-02,10992,196409.0
41,54,-120.60525631019901,43.94045138675371,-80.61370689717069,38.64256709677395,2019-07-02,5,89.0
41,55,-120.60525631019901,43.94045138675371,-89.73293305821664,44.63994410730462,2019-07-02,227,4056.0
41,56,-120.60525631019901,43.94045138675371,-107.55139421018254,42.9995374625361,2019-07-02,256,4574.0
41,72,-120.60525631019901,43.94045138675371,-66.41466678397286,18.21569833731172,2019-07-02,1,17.0
42,01,-77.83893800628347,40.896700506452106,-86.8445209956579,32.75687994183124,2019-07-02,733,11975.0
42,02,-77.83893800628347,40.896700506452106,-151.59342192189865,63.742989015090714,2019-07-02,236,3855.0
42,04,-77.83893800628347,40.896700506452106,-111.6644603390921,34.29309519459149,2019-07-02,705,11518.0
42,05,-77.83893800628347,40.896700506452106,-92.43923686174863,34.8997724175194,2019-07-02,253,4133.0
42,06,-77.83893800628347,40.896700506452106,-119.6638458867405,37.21530826027419,2019-07-02,3240,52935.0
42,08,-77.83893800628347,40.896700506452106,-105.5478211203382,38.99853159698931,2019-07-02,1703,27823.0
42,09,-77.83893800628347,40.896700506452106,-72.73825767764087,41.575164149895755,2019-07-02,1049,17138.0
42,10,-77.83893800628347,40.896700506452106,-75.45249262811352,38.99497528640457,2019-07-02,9471,154737.0
42,11,-77.83893800628347,40.896700506452106,-77.0162909035438,38.90477388790585,2019-07-02,1617,26418.0
42,12,-77.83893800628347,40.896700506452106,-82.46641838867941,28.477058414990193,2019-07-02,8190,133808.0
42,13,-77.83893800628347,40.896700506452106,-83.42714021377525,32.63861711465618,2019-07-02,2147,35077.0
42,15,-77.83893800628347,40.896700506452106,-158.1099738068461,20.995111199008356,2019-07-02,479,7825.0
42,16,-77.83893800628347,40.896700506452106,-114.6594139607683,44.389055086057056,2019-07-02,72,1176.0
42,17,-77.83893800628347,40.896700506452106,-89.14863899339443,40.124200826969364,2019-07-02,1586,25912.0
42,18,-77.83893800628347,40.896700506452106,-86.28183838774677,39.919869617318085,2019-07-02,1267,20700.0
42,19,-77.83893800628347,40.896700506452106,-93.50009011569544,42.07464832674591,2019-07-02,413,6747.0
42,20,-77.83893800628347,40.896700506452106,-98.38015540415404,38.484727072453566,2019-07-02,1581,25830.0
42,21,-77.83893800628347,40.896700506452106,-85.29055223275348,37.5266141736611,2019-07-02,957,15635.0
42,22,-77.83893800628347,40.896700506452106,-91.81423318426776,30.909072897746587,2019-07-02,497,8119.0
42,23,-77.83893800628347,40.896700506452106,-69.20275986278288,45.27432853102379,2019-07-02,1112,18167.0
42,24,-77.83893800628347,40.896700506452106,-76.68717734070172,38.94649396258224,2019-07-02,16429,268417.0
42,25,-77.83893800628347,40.896700506452106,-71.503972041848,42.16009326868467,2019-07-02,2129,34783.0
42,26,-77.83893800628347,40.896700506452106,-85.73095291151436,44.874773603554175,2019-07-02,1740,28428.0
42,27,-77.83893800628347,40.896700506452106,-94.19830560457335,46.3491103788664,2019-07-02,435,7107.0
42,28,-77.83893800628347,40.896700506452106,-89.6533594096457,32.712892273261986,2019-07-02,285,4656.0
42,29,-77.83893800628347,40.896700506452106,-92.4774251950813,38.3676304410753,2019-07-02,638,10423.0
42,30,-77.83893800628347,40.896700506452106,-109.64520698796639,47.03342111039991,2019-07-02,203,3316.0
42,31,-77.83893800628347,40.896700506452106,-99.81085586033895,41.527151125231704,2019-07-02,133,2172.0
42,32,-77.83893800628347,40.896700506452106,-116.65524866805762,39.356185873030874,2019-07-02,646,10554.0
42,33,-77.83893800628347,40.896700506452106,-71.57124316745634,43.6802370603039,2019-07-02,495,8087.0
42,34,-77.83893800628347,40.896700506452106,-74.65561230865505,40.11017985292258,2019-07-02,35816,585162.0
42,35,-77.83893800628347,40.896700506452106,-106.1084438818861,34.42130099474041,2019-07-02,196,3202.0
42,36,-77.83893800628347,40.896700506452106,-75.59654322164518,42.92123354806042,2019-07-02,14956,244351.0
42,37,-77.83893800628347,40.896700506452106,-79.13090891837648,35.52603039243236,2019-07-02,5039,82327.0
42,38,-77.83893800628347,40.896700506452106,-100.4693907950372,47.446310421753914,2019-07-02,81,1323.0
42,39,-77.83893800628347,40.896700506452106,-82.70937700691621,40.415486910016135,2019-07-02,7774,127011.0
42,40,-77.83893800628347,40.896700506452106,-97.50822793037422,35.583464652524235,2019-07-02,233,3806.0
42,41,-77.83893800628347,40.896700506452106,-120.60525631019901,43.94045138675371,2019-07-02,183,2989.0
42,42,-77.83893800628347,40.896700506452106,-77.83893800628347,40.896700506452106,2019-07-02,1444760,23604516.0
42,44,-77.83893800628347,40.896700506452106,-71.52472355562169,41.59463889844585,2019-07-02,320,5228.0
42,45,-77.83893800628347,40.896700506452106,-80.86459715523999,33.87785606967731,2019-07-02,4555,74419.0
42,46,-77.83893800628347,40.896700506452106,-100.23046550270404,44.43613758926095,2019-07-02,161,2630.0
42,47,-77.83893800628347,40.896700506452106,-86.34341233023729,35.84298014361061,2019-07-02,1883,30764.0
42,48,-77.83893800628347,40.896700506452106,-99.31712096957119,31.447212191842507,2019-07-02,2143,35012.0
42,49,-77.83893800628347,40.896700506452106,-111.67824995489637,39.32376871301901,2019-07-02,341,5571.0
42,50,-77.83893800628347,40.896700506452106,-72.66263037415419,44.075248233178044,2019-07-02,413,6747.0
42,51,-77.83893800628347,40.896700506452106,-78.66634949421768,37.510873096830124,2019-07-02,5961,97390.0
42,53,-77.83893800628347,40.896700506452106,-120.59289987466929,47.41163921872467,2019-07-02,525,8577.0
42,54,-77.83893800628347,40.896700506452106,-80.61370689717069,38.64256709677395,2019-07-02,3491,57036.0
42,55,-77.83893800628347,40.896700506452106,-89.73293305821664,44.63994410730462,2019-07-02,453,7401.0
42,56,-77.83893800628347,40.896700506452106,-107.55139421018254,42.9995374625361,2019-07-02,216,3529.0
42,72,-77.83893800628347,40.896700506452106,-66.41466678397286,18.21569833731172,2019-07-02,246,4019.0
44,01,-71.52472355562169,41.59463889844585,-86.8445209956579,32.75687994183124,2019-07-02,22,413.0
44,02,-71.52472355562169,41.59463889844585,-151.59342192189865,63.742989015090714,2019-07-02,25,469.0
44,04,-71.52472355562169,41.59463889844585,-111.6644603390921,34.29309519459149,2019-07-02,19,357.0
44,05,-71.52472355562169,41.59463889844585,-92.43923686174863,34.8997724175194,2019-07-02,24,451.0
44,06,-71.52472355562169,41.59463889844585,-119.6638458867405,37.21530826027419,2019-07-02,201,3777.0
44,08,-71.52472355562169,41.59463889844585,-105.5478211203382,38.99853159698931,2019-07-02,43,808.0
44,09,-71.52472355562169,41.59463889844585,-72.73825767764087,41.575164149895755,2019-07-02,1856,34882.0
44,10,-71.52472355562169,41.59463889844585,-75.45249262811352,38.99497528640457,2019-07-02,28,526.0
44,11,-71.52472355562169,41.59463889844585,-77.0162909035438,38.90477388790585,2019-07-02,37,695.0
44,12,-71.52472355562169,41.59463889844585,-82.46641838867941,28.477058414990193,2019-07-02,652,12253.0
44,13,-71.52472355562169,41.59463889844585,-83.42714021377525,32.63861711465618,2019-07-02,98,1841.0
44,15,-71.52472355562169,41.59463889844585,-158.1099738068461,20.995111199008356,2019-07-02,43,808.0
44,16,-71.52472355562169,41.59463889844585,-114.6594139607683,44.389055086057056,2019-07-02,7,131.0
44,17,-71.52472355562169,41.59463889844585,-89.14863899339443,40.124200826969364,2019-07-02,86,1616.0
44,18,-71.52472355562169,41.59463889844585,-86.28183838774677,39.919869617318085,2019-07-02,28,526.0
44,19,-71.52472355562169,41.59463889844585,-93.50009011569544,42.07464832674591,2019-07-02,30,563.0
44,20,-71.52472355562169,41.59463889844585,-98.38015540415404,38.484727072453566,2019-07-02,82,1541.0
44,21,-71.52472355562169,41.59463889844585,-85.29055223275348,37.5266141736611,2019-07-02,11,206.0
44,22,-71.52472355562169,41.59463889844585,-91.81423318426776,30.909072897746587,2019-07-02,6,112.0
44,23,-71.52472355562169,41.59463889844585,-69.20275986278288,45.27432853102379,2019-07-02,351,6596.0
44,24,-71.52472355562169,41.59463889844585,-76.68717734070172,38.94649396258224,2019-07-02,116,2180.0
44,25,-71.52472355562169,41.59463889844585,-71.503972041848,42.16009326868467,2019-07-02,10122,190235.0
44,26,-71.52472355562169,41.59463889844585,-85.73095291151436,44.874773603554175,2019-07-02,51,958.0
44,27,-71.52472355562169,41.59463889844585,-94.19830560457335,46.3491103788664,2019-07-02,39,732.0
44,28,-71.52472355562169,41.59463889844585,-89.6533594096457,32.712892273261986,2019-07-02,2,37.0
44,29,-71.52472355562169,41.59463889844585,-92.4774251950813,38.3676304410753,2019-07-02,44,826.0
44,30,-71.52472355562169,41.59463889844585,-109.64520698796639,47.03342111039991,2019-07-02,9,169.0
44,31,-71.52472355562169,41.59463889844585,-99.81085586033895,41.527151125231704,2019-07-02,34,639.0
44,32,-71.52472355562169,41.59463889844585,-116.65524866805762,39.356185873030874,2019-07-02,51,958.0
44,33,-71.52472355562169,41.59463889844585,-71.57124316745634,43.6802370603039,2019-07-02,514,9660.0
44,34,-71.52472355562169,41.59463889844585,-74.65561230865505,40.11017985292258,2019-07-02,282,5299.0
44,35,-71.52472355562169,41.59463889844585,-106.1084438818861,34.42130099474041,2019-07-02,18,338.0
44,36,-71.52472355562169,41.59463889844585,-75.59654322164518,42.92123354806042,2019-07-02,952,17892.0
44,37,-71.52472355562169,41.59463889844585,-79.13090891837648,35.52603039243236,2019-07-02,119,2236.0
44,39,-71.52472355562169,41.59463889844585,-82.70937700691621,40.415486910016135,2019-07-02,104,1954.0
44,40,-71.52472355562169,41.59463889844585,-97.50822793037422,35.583464652524235,2019-07-02,5,93.0
44,41,-71.52472355562169,41.59463889844585,-120.60525631019901,43.94045138675371,2019-07-02,9,169.0
44,42,-71.52472355562169,41.59463889844585,-77.83893800628347,40.896700506452106,2019-07-02,283,5318.0
44,44,-71.52472355562169,41.59463889844585,-71.52472355562169,41.59463889844585,2019-07-02,105525,1983267.0
44,45,-71.52472355562169,41.59463889844585,-80.86459715523999,33.87785606967731,2019-07-02,105,1973.0
44,47,-71.52472355562169,41.59463889844585,-86.34341233023729,35.84298014361061,2019-07-02,70,1315.0
44,48,-71.52472355562169,41.59463889844585,-99.31712096957119,31.447212191842507,2019-07-02,66,1240.0
44,49,-71.52472355562169,41.59463889844585,-111.67824995489637,39.32376871301901,2019-07-02,22,413.0
44,50,-71.52472355562169,41.59463889844585,-72.66263037415419,44.075248233178044,2019-07-02,100,1879.0
44,51,-71.52472355562169,41.59463889844585,-78.66634949421768,37.510873096830124,2019-07-02,163,3063.0
44,53,-71.52472355562169,41.59463889844585,-120.59289987466929,47.41163921872467,2019-07-02,31,582.0
44,54,-71.52472355562169,41.59463889844585,-80.61370689717069,38.64256709677395,2019-07-02,22,413.0
44,55,-71.52472355562169,41.59463889844585,-89.73293305821664,44.63994410730462,2019-07-02,11,206.0
44,56,-71.52472355562169,41.59463889844585,-107.55139421018254,42.9995374625361,2019-07-02,4,75.0
44,72,-71.52472355562169,41.59463889844585,-66.41466678397286,18.21569833731172,2019-07-02,9,169.0
45,01,-80.86459715523999,33.87785606967731,-86.8445209956579,32.75687994183124,2019-07-02,1081,14514.0
45,02,-80.86459715523999,33.87785606967731,-151.59342192189865,63.742989015090714,2019-07-02,145,1946.0
45,04,-80.86459715523999,33.87785606967731,-111.6644603390921,34.29309519459149,2019-07-02,330,4430.0
45,05,-80.86459715523999,33.87785606967731,-92.43923686174863,34.8997724175194,2019-07-02,233,3128.0
45,06,-80.86459715523999,33.87785606967731,-119.6638458867405,37.21530826027419,2019-07-02,1364,18314.0
45,08,-80.86459715523999,33.87785606967731,-105.5478211203382,38.99853159698931,2019-07-02,469,6297.0
45,09,-80.86459715523999,33.87785606967731,-72.73825767764087,41.575164149895755,2019-07-02,364,4887.0
45,10,-80.86459715523999,33.87785606967731,-75.45249262811352,38.99497528640457,2019-07-02,139,1866.0
45,11,-80.86459715523999,33.87785606967731,-77.0162909035438,38.90477388790585,2019-07-02,265,3558.0
45,12,-80.86459715523999,33.87785606967731,-82.46641838867941,28.477058414990193,2019-07-02,7688,103227.0
45,13,-80.86459715523999,33.87785606967731,-83.42714021377525,32.63861711465618,2019-07-02,12710,170658.0
45,15,-80.86459715523999,33.87785606967731,-158.1099738068461,20.995111199008356,2019-07-02,219,2940.0
45,16,-80.86459715523999,33.87785606967731,-114.6594139607683,44.389055086057056,2019-07-02,81,1087.0
45,17,-80.86459715523999,33.87785606967731,-89.14863899339443,40.124200826969364,2019-07-02,1107,14863.0
45,18,-80.86459715523999,33.87785606967731,-86.28183838774677,39.919869617318085,2019-07-02,751,10083.0
45,19,-80.86459715523999,33.87785606967731,-93.50009011569544,42.07464832674591,2019-07-02,184,2470.0
45,20,-80.86459715523999,33.87785606967731,-98.38015540415404,38.484727072453566,2019-07-02,869,11668.0
45,21,-80.86459715523999,33.87785606967731,-85.29055223275348,37.5266141736611,2019-07-02,788,10580.0
45,22,-80.86459715523999,33.87785606967731,-91.81423318426776,30.909072897746587,2019-07-02,496,6659.0
45,23,-80.86459715523999,33.87785606967731,-69.20275986278288,45.27432853102379,2019-07-02,270,3625.0
45,24,-80.86459715523999,33.87785606967731,-76.68717734070172,38.94649396258224,2019-07-02,835,11211.0
45,25,-80.86459715523999,33.87785606967731,-71.503972041848,42.16009326868467,2019-07-02,645,8660.0
45,26,-80.86459715523999,33.87785606967731,-85.73095291151436,44.874773603554175,2019-07-02,992,13319.0
45,27,-80.86459715523999,33.87785606967731,-94.19830560457335,46.3491103788664,2019-07-02,253,3397.0
45,28,-80.86459715523999,33.87785606967731,-89.6533594096457,32.712892273261986,2019-07-02,654,8781.0
45,29,-80.86459715523999,33.87785606967731,-92.4774251950813,38.3676304410753,2019-07-02,529,7102.0
45,30,-80.86459715523999,33.87785606967731,-109.64520698796639,47.03342111039991,2019-07-02,140,1879.0
45,31,-80.86459715523999,33.87785606967731,-99.81085586033895,41.527151125231704,2019-07-02,101,1356.0
45,32,-80.86459715523999,33.87785606967731,-116.65524866805762,39.356185873030874,2019-07-02,419,5625.0
45,33,-80.86459715523999,33.87785606967731,-71.57124316745634,43.6802370603039,2019-07-02,193,2591.0
45,34,-80.86459715523999,33.87785606967731,-74.65561230865505,40.11017985292258,2019-07-02,868,11654.0
45,35,-80.86459715523999,33.87785606967731,-106.1084438818861,34.42130099474041,2019-07-02,106,1423.0
45,36,-80.86459715523999,33.87785606967731,-75.59654322164518,42.92123354806042,2019-07-02,2556,34319.0
45,37,-80.86459715523999,33.87785606967731,-79.13090891837648,35.52603039243236,2019-07-02,27804,373327.0
45,38,-80.86459715523999,33.87785606967731,-100.4693907950372,47.446310421753914,2019-07-02,28,375.0
45,39,-80.86459715523999,33.87785606967731,-82.70937700691621,40.415486910016135,2019-07-02,1906,25592.0
45,40,-80.86459715523999,33.87785606967731,-97.50822793037422,35.583464652524235,2019-07-02,183,2457.0
45,41,-80.86459715523999,33.87785606967731,-120.60525631019901,43.94045138675371,2019-07-02,143,1920.0
45,42,-80.86459715523999,33.87785606967731,-77.83893800628347,40.896700506452106,2019-07-02,1673,22463.0
45,44,-80.86459715523999,33.87785606967731,-71.52472355562169,41.59463889844585,2019-07-02,103,1382.0
45,45,-80.86459715523999,33.87785606967731,-80.86459715523999,33.87785606967731,2019-07-02,756699,10160279.0
45,46,-80.86459715523999,33.87785606967731,-100.23046550270404,44.43613758926095,2019-07-02,138,1852.0
45,47,-80.86459715523999,33.87785606967731,-86.34341233023729,35.84298014361061,2019-07-02,3291,44188.0
45,48,-80.86459715523999,33.87785606967731,-99.31712096957119,31.447212191842507,2019-07-02,1655,22221.0
45,49,-80.86459715523999,33.87785606967731,-111.67824995489637,39.32376871301901,2019-07-02,209,2806.0
45,50,-80.86459715523999,33.87785606967731,-72.66263037415419,44.075248233178044,2019-07-02,52,698.0
45,51,-80.86459715523999,33.87785606967731,-78.66634949421768,37.510873096830124,2019-07-02,2680,35984.0
45,53,-80.86459715523999,33.87785606967731,-120.59289987466929,47.41163921872467,2019-07-02,378,5075.0
45,54,-80.86459715523999,33.87785606967731,-80.61370689717069,38.64256709677395,2019-07-02,614,8244.0
45,55,-80.86459715523999,33.87785606967731,-89.73293305821664,44.63994410730462,2019-07-02,394,5290.0
45,56,-80.86459715523999,33.87785606967731,-107.55139421018254,42.9995374625361,2019-07-02,152,2040.0
45,72,-80.86459715523999,33.87785606967731,-66.41466678397286,18.21569833731172,2019-07-02,38,510.0
46,01,-100.23046550270404,44.43613758926095,-86.8445209956579,32.75687994183124,2019-07-02,7,108.0
46,02,-100.23046550270404,44.43613758926095,-151.59342192189865,63.742989015090714,2019-07-02,27,420.0
46,04,-100.23046550270404,44.43613758926095,-111.6644603390921,34.29309519459149,2019-07-02,133,2069.0
46,05,-100.23046550270404,44.43613758926095,-92.43923686174863,34.8997724175194,2019-07-02,45,700.0
46,06,-100.23046550270404,44.43613758926095,-119.6638458867405,37.21530826027419,2019-07-02,312,4854.0
46,08,-100.23046550270404,44.43613758926095,-105.5478211203382,38.99853159698931,2019-07-02,533,8293.0
46,09,-100.23046550270404,44.43613758926095,-72.73825767764087,41.575164149895755,2019-07-02,48,746.0
46,10,-100.23046550270404,44.43613758926095,-75.45249262811352,38.99497528640457,2019-07-02,7,108.0
46,11,-100.23046550270404,44.43613758926095,-77.0162909035438,38.90477388790585,2019-07-02,20,311.0
46,12,-100.23046550270404,44.43613758926095,-82.46641838867941,28.477058414990193,2019-07-02,159,2473.0
46,13,-100.23046550270404,44.43613758926095,-83.42714021377525,32.63861711465618,2019-07-02,34,529.0
46,15,-100.23046550270404,44.43613758926095,-158.1099738068461,20.995111199008356,2019-07-02,12,186.0
46,16,-100.23046550270404,44.43613758926095,-114.6594139607683,44.389055086057056,2019-07-02,73,1135.0
46,17,-100.23046550270404,44.43613758926095,-89.14863899339443,40.124200826969364,2019-07-02,262,4076.0
46,18,-100.23046550270404,44.43613758926095,-86.28183838774677,39.919869617318085,2019-07-02,72,1120.0
46,19,-100.23046550270404,44.43613758926095,-93.50009011569544,42.07464832674591,2019-07-02,1635,25439.0
46,20,-100.23046550270404,44.43613758926095,-98.38015540415404,38.484727072453566,2019-07-02,227,3531.0
46,21,-100.23046550270404,44.43613758926095,-85.29055223275348,37.5266141736611,2019-07-02,37,575.0
46,22,-100.23046550270404,44.43613758926095,-91.81423318426776,30.909072897746587,2019-07-02,42,653.0
46,23,-100.23046550270404,44.43613758926095,-69.20275986278288,45.27432853102379,2019-07-02,5,77.0
46,24,-100.23046550270404,44.43613758926095,-76.68717734070172,38.94649396258224,2019-07-02,36,560.0
46,25,-100.23046550270404,44.43613758926095,-71.503972041848,42.16009326868467,2019-07-02,97,1509.0
46,26,-100.23046550270404,44.43613758926095,-85.73095291151436,44.874773603554175,2019-07-02,114,1773.0
46,27,-100.23046550270404,44.43613758926095,-94.19830560457335,46.3491103788664,2019-07-02,1944,30247.0
46,28,-100.23046550270404,44.43613758926095,-89.6533594096457,32.712892273261986,2019-07-02,17,264.0
46,29,-100.23046550270404,44.43613758926095,-92.4774251950813,38.3676304410753,2019-07-02,264,4107.0
46,30,-100.23046550270404,44.43613758926095,-109.64520698796639,47.03342111039991,2019-07-02,281,4372.0
46,31,-100.23046550270404,44.43613758926095,-99.81085586033895,41.527151125231704,2019-07-02,706,10984.0
46,32,-100.23046550270404,44.43613758926095,-116.65524866805762,39.356185873030874,2019-07-02,117,1820.0
46,33,-100.23046550270404,44.43613758926095,-71.57124316745634,43.6802370603039,2019-07-02,6,93.0
46,34,-100.23046550270404,44.43613758926095,-74.65561230865505,40.11017985292258,2019-07-02,21,326.0
46,35,-100.23046550270404,44.43613758926095,-106.1084438818861,34.42130099474041,2019-07-02,43,669.0
46,36,-100.23046550270404,44.43613758926095,-75.59654322164518,42.92123354806042,2019-07-02,103,1602.0
46,37,-100.23046550270404,44.43613758926095,-79.13090891837648,35.52603039243236,2019-07-02,48,746.0
46,38,-100.23046550270404,44.43613758926095,-100.4693907950372,47.446310421753914,2019-07-02,611,9506.0
46,39,-100.23046550270404,44.43613758926095,-82.70937700691621,40.415486910016135,2019-07-02,126,1960.0
46,40,-100.23046550270404,44.43613758926095,-97.50822793037422,35.583464652524235,2019-07-02,117,1820.0
46,41,-100.23046550270404,44.43613758926095,-120.60525631019901,43.94045138675371,2019-07-02,95,1478.0
46,42,-100.23046550270404,44.43613758926095,-77.83893800628347,40.896700506452106,2019-07-02,39,606.0
46,44,-100.23046550270404,44.43613758926095,-71.52472355562169,41.59463889844585,2019-07-02,4,62.0
46,45,-100.23046550270404,44.43613758926095,-80.86459715523999,33.87785606967731,2019-07-02,39,606.0
46,46,-100.23046550270404,44.43613758926095,-100.23046550270404,44.43613758926095,2019-07-02,102397,1593217.0
46,47,-100.23046550270404,44.43613758926095,-86.34341233023729,35.84298014361061,2019-07-02,96,1493.0
46,48,-100.23046550270404,44.43613758926095,-99.31712096957119,31.447212191842507,2019-07-02,263,4092.0
46,49,-100.23046550270404,44.43613758926095,-111.67824995489637,39.32376871301901,2019-07-02,82,1275.0
46,50,-100.23046550270404,44.43613758926095,-72.66263037415419,44.075248233178044,2019-07-02,1,15.0
46,51,-100.23046550270404,44.43613758926095,-78.66634949421768,37.510873096830124,2019-07-02,54,840.0
46,53,-100.23046550270404,44.43613758926095,-120.59289987466929,47.41163921872467,2019-07-02,152,2365.0
46,54,-100.23046550270404,44.43613758926095,-80.61370689717069,38.64256709677395,2019-07-02,9,140.0
46,55,-100.23046550270404,44.43613758926095,-89.73293305821664,44.63994410730462,2019-07-02,185,2878.0
46,56,-100.23046550270404,44.43613758926095,-107.55139421018254,42.9995374625361,2019-07-02,463,7203.0
47,01,-86.34341233023729,35.84298014361061,-86.8445209956579,32.75687994183124,2019-07-02,9930,132133.0
47,02,-86.34341233023729,35.84298014361061,-151.59342192189865,63.742989015090714,2019-07-02,225,2993.0
47,04,-86.34341233023729,35.84298014361061,-111.6644603390921,34.29309519459149,2019-07-02,653,8689.0
47,05,-86.34341233023729,35.84298014361061,-92.43923686174863,34.8997724175194,2019-07-02,3172,42208.0
47,06,-86.34341233023729,35.84298014361061,-119.6638458867405,37.21530826027419,2019-07-02,2831,37670.0
47,08,-86.34341233023729,35.84298014361061,-105.5478211203382,38.99853159698931,2019-07-02,1726,22966.0
47,09,-86.34341233023729,35.84298014361061,-72.73825767764087,41.575164149895755,2019-07-02,280,3725.0
47,10,-86.34341233023729,35.84298014361061,-75.45249262811352,38.99497528640457,2019-07-02,142,1889.0
47,11,-86.34341233023729,35.84298014361061,-77.0162909035438,38.90477388790585,2019-07-02,386,5136.0
47,12,-86.34341233023729,35.84298014361061,-82.46641838867941,28.477058414990193,2019-07-02,18992,252716.0
47,13,-86.34341233023729,35.84298014361061,-83.42714021377525,32.63861711465618,2019-07-02,9994,132984.0
47,15,-86.34341233023729,35.84298014361061,-158.1099738068461,20.995111199008356,2019-07-02,597,7943.0
47,16,-86.34341233023729,35.84298014361061,-114.6594139607683,44.389055086057056,2019-07-02,184,2448.0
47,17,-86.34341233023729,35.84298014361061,-89.14863899339443,40.124200826969364,2019-07-02,2612,34756.0
47,18,-86.34341233023729,35.84298014361061,-86.28183838774677,39.919869617318085,2019-07-02,2198,29247.0
47,19,-86.34341233023729,35.84298014361061,-93.50009011569544,42.07464832674591,2019-07-02,389,5176.0
47,20,-86.34341233023729,35.84298014361061,-98.38015540415404,38.484727072453566,2019-07-02,1922,25574.0
47,21,-86.34341233023729,35.84298014361061,-85.29055223275348,37.5266141736611,2019-07-02,8712,115925.0
47,22,-86.34341233023729,35.84298014361061,-91.81423318426776,30.909072897746587,2019-07-02,1341,17843.0
47,23,-86.34341233023729,35.84298014361061,-69.20275986278288,45.27432853102379,2019-07-02,359,4777.0
47,24,-86.34341233023729,35.84298014361061,-76.68717734070172,38.94649396258224,2019-07-02,707,9407.0
47,25,-86.34341233023729,35.84298014361061,-71.503972041848,42.16009326868467,2019-07-02,622,8276.0
47,26,-86.34341233023729,35.84298014361061,-85.73095291151436,44.874773603554175,2019-07-02,2595,34530.0
47,27,-86.34341233023729,35.84298014361061,-94.19830560457335,46.3491103788664,2019-07-02,483,6427.0
47,28,-86.34341233023729,35.84298014361061,-89.6533594096457,32.712892273261986,2019-07-02,7626,101474.0
47,29,-86.34341233023729,35.84298014361061,-92.4774251950813,38.3676304410753,2019-07-02,2034,27065.0
47,30,-86.34341233023729,35.84298014361061,-109.64520698796639,47.03342111039991,2019-07-02,268,3566.0
47,31,-86.34341233023729,35.84298014361061,-99.81085586033895,41.527151125231704,2019-07-02,219,2914.0
47,32,-86.34341233023729,35.84298014361061,-116.65524866805762,39.356185873030874,2019-07-02,499,6639.0
47,33,-86.34341233023729,35.84298014361061,-71.57124316745634,43.6802370603039,2019-07-02,175,2328.0
47,34,-86.34341233023729,35.84298014361061,-74.65561230865505,40.11017985292258,2019-07-02,684,9101.0
47,35,-86.34341233023729,35.84298014361061,-106.1084438818861,34.42130099474041,2019-07-02,261,3472.0
47,36,-86.34341233023729,35.84298014361061,-75.59654322164518,42.92123354806042,2019-07-02,2528,33638.0
47,37,-86.34341233023729,35.84298014361061,-79.13090891837648,35.52603039243236,2019-07-02,5243,69765.0
47,38,-86.34341233023729,35.84298014361061,-100.4693907950372,47.446310421753914,2019-07-02,73,971.0
47,39,-86.34341233023729,35.84298014361061,-82.70937700691621,40.415486910016135,2019-07-02,3343,44483.0
47,40,-86.34341233023729,35.84298014361061,-97.50822793037422,35.583464652524235,2019-07-02,576,7664.0
47,41,-86.34341233023729,35.84298014361061,-120.60525631019901,43.94045138675371,2019-07-02,258,3433.0
47,42,-86.34341233023729,35.84298014361061,-77.83893800628347,40.896700506452106,2019-07-02,1588,21130.0
47,44,-86.34341233023729,35.84298014361061,-71.52472355562169,41.59463889844585,2019-07-02,128,1703.0
47,45,-86.34341233023729,35.84298014361061,-80.86459715523999,33.87785606967731,2019-07-02,6270,83431.0
47,46,-86.34341233023729,35.84298014361061,-100.23046550270404,44.43613758926095,2019-07-02,351,4670.0
47,47,-86.34341233023729,35.84298014361061,-86.34341233023729,35.84298014361061,2019-07-02,1021634,13594317.0
47,48,-86.34341233023729,35.84298014361061,-99.31712096957119,31.447212191842507,2019-07-02,3902,51921.0
47,49,-86.34341233023729,35.84298014361061,-111.67824995489637,39.32376871301901,2019-07-02,424,5641.0
47,50,-86.34341233023729,35.84298014361061,-72.66263037415419,44.075248233178044,2019-07-02,62,824.0
47,51,-86.34341233023729,35.84298014361061,-78.66634949421768,37.510873096830124,2019-07-02,4464,59399.0
47,53,-86.34341233023729,35.84298014361061,-120.59289987466929,47.41163921872467,2019-07-02,466,6200.0
47,54,-86.34341233023729,35.84298014361061,-80.61370689717069,38.64256709677395,2019-07-02,365,4856.0
47,55,-86.34341233023729,35.84298014361061,-89.73293305821664,44.63994410730462,2019-07-02,889,11829.0
47,56,-86.34341233023729,35.84298014361061,-107.55139421018254,42.9995374625361,2019-07-02,306,4071.0
47,72,-86.34341233023729,35.84298014361061,-66.41466678397286,18.21569833731172,2019-07-02,31,412.0
48,01,-99.31712096957119,31.447212191842507,-86.8445209956579,32.75687994183124,2019-07-02,6170,79148.0
48,02,-99.31712096957119,31.447212191842507,-151.59342192189865,63.742989015090714,2019-07-02,1109,14226.0
48,04,-99.31712096957119,31.447212191842507,-111.6644603390921,34.29309519459149,2019-07-02,4979,63870.0
48,05,-99.31712096957119,31.447212191842507,-92.43923686174863,34.8997724175194,2019-07-02,9725,124751.0
48,06,-99.31712096957119,31.447212191842507,-119.6638458867405,37.21530826027419,2019-07-02,21271,272863.0
48,08,-99.31712096957119,31.447212191842507,-105.5478211203382,38.99853159698931,2019-07-02,19910,255404.0
48,09,-99.31712096957119,31.447212191842507,-72.73825767764087,41.575164149895755,2019-07-02,734,9415.0
48,10,-99.31712096957119,31.447212191842507,-75.45249262811352,38.99497528640457,2019-07-02,368,4720.0
48,11,-99.31712096957119,31.447212191842507,-77.0162909035438,38.90477388790585,2019-07-02,1093,14020.0
48,12,-99.31712096957119,31.447212191842507,-82.46641838867941,28.477058414990193,2019-07-02,26196,336040.0
48,13,-99.31712096957119,31.447212191842507,-83.42714021377525,32.63861711465618,2019-07-02,6860,87999.0
48,15,-99.31712096957119,31.447212191842507,-158.1099738068461,20.995111199008356,2019-07-02,3386,43435.0
48,16,-99.31712096957119,31.447212191842507,-114.6594139607683,44.389055086057056,2019-07-02,1095,14046.0
48,17,-99.31712096957119,31.447212191842507,-89.14863899339443,40.124200826969364,2019-07-02,7131,91476.0
48,18,-99.31712096957119,31.447212191842507,-86.28183838774677,39.919869617318085,2019-07-02,4488,57571.0
48,19,-99.31712096957119,31.447212191842507,-93.50009011569544,42.07464832674591,2019-07-02,1876,24065.0
48,20,-99.31712096957119,31.447212191842507,-98.38015540415404,38.484727072453566,2019-07-02,9607,123238.0
48,21,-99.31712096957119,31.447212191842507,-85.29055223275348,37.5266141736611,2019-07-02,1964,25194.0
48,22,-99.31712096957119,31.447212191842507,-91.81423318426776,30.909072897746587,2019-07-02,17319,222167.0
48,23,-99.31712096957119,31.447212191842507,-69.20275986278288,45.27432853102379,2019-07-02,720,9236.0
48,24,-99.31712096957119,31.447212191842507,-76.68717734070172,38.94649396258224,2019-07-02,1527,19588.0
48,25,-99.31712096957119,31.447212191842507,-71.503972041848,42.16009326868467,2019-07-02,2466,31633.0
48,26,-99.31712096957119,31.447212191842507,-85.73095291151436,44.874773603554175,2019-07-02,4116,52799.0
48,27,-99.31712096957119,31.447212191842507,-94.19830560457335,46.3491103788664,2019-07-02,2194,28144.0
48,28,-99.31712096957119,31.447212191842507,-89.6533594096457,32.712892273261986,2019-07-02,3816,48951.0
48,29,-99.31712096957119,31.447212191842507,-92.4774251950813,38.3676304410753,2019-07-02,6909,88628.0
48,30,-99.31712096957119,31.447212191842507,-109.64520698796639,47.03342111039991,2019-07-02,1190,15265.0
48,31,-99.31712096957119,31.447212191842507,-99.81085586033895,41.527151125231704,2019-07-02,1505,19306.0
48,32,-99.31712096957119,31.447212191842507,-116.65524866805762,39.356185873030874,2019-07-02,5365,68821.0
48,33,-99.31712096957119,31.447212191842507,-71.57124316745634,43.6802370603039,2019-07-02,353,4528.0
48,34,-99.31712096957119,31.447212191842507,-74.65561230865505,40.11017985292258,2019-07-02,2593,33262.0
48,35,-99.31712096957119,31.447212191842507,-106.1084438818861,34.42130099474041,2019-07-02,11231,144070.0
48,36,-99.31712096957119,31.447212191842507,-75.59654322164518,42.92123354806042,2019-07-02,8086,103726.0
48,37,-99.31712096957119,31.447212191842507,-79.13090891837648,35.52603039243236,2019-07-02,3544,45462.0
48,38,-99.31712096957119,31.447212191842507,-100.4693907950372,47.446310421753914,2019-07-02,460,5900.0
48,39,-99.31712096957119,31.447212191842507,-82.70937700691621,40.415486910016135,2019-07-02,3844,49310.0
48,40,-99.31712096957119,31.447212191842507,-97.50822793037422,35.583464652524235,2019-07-02,14417,184940.0
48,41,-99.31712096957119,31.447212191842507,-120.60525631019901,43.94045138675371,2019-07-02,1654,21217.0
48,42,-99.31712096957119,31.447212191842507,-77.83893800628347,40.896700506452106,2019-07-02,2979,38214.0
48,44,-99.31712096957119,31.447212191842507,-71.52472355562169,41.59463889844585,2019-07-02,313,4015.0
48,45,-99.31712096957119,31.447212191842507,-80.86459715523999,33.87785606967731,2019-07-02,2536,32531.0
48,46,-99.31712096957119,31.447212191842507,-100.23046550270404,44.43613758926095,2019-07-02,1014,13007.0
48,47,-99.31712096957119,31.447212191842507,-86.34341233023729,35.84298014361061,2019-07-02,5937,76159.0
48,48,-99.31712096957119,31.447212191842507,-99.31712096957119,31.447212191842507,2019-07-02,4641969,59546943.0
48,49,-99.31712096957119,31.447212191842507,-111.67824995489637,39.32376871301901,2019-07-02,2658,34096.0
48,50,-99.31712096957119,31.447212191842507,-72.66263037415419,44.075248233178044,2019-07-02,153,1962.0
48,51,-99.31712096957119,31.447212191842507,-78.66634949421768,37.510873096830124,2019-07-02,3884,49823.0
48,53,-99.31712096957119,31.447212191842507,-120.59289987466929,47.41163921872467,2019-07-02,3225,41370.0
48,54,-99.31712096957119,31.447212191842507,-80.61370689717069,38.64256709677395,2019-07-02,400,5131.0
48,55,-99.31712096957119,31.447212191842507,-89.73293305821664,44.63994410730462,2019-07-02,2259,28978.0
48,56,-99.31712096957119,31.447212191842507,-107.55139421018254,42.9995374625361,2019-07-02,1291,16560.0
48,72,-99.31712096957119,31.447212191842507,-66.41466678397286,18.21569833731172,2019-07-02,223,2860.0
49,01,-111.67824995489637,39.32376871301901,-86.8445209956579,32.75687994183124,2019-07-02,91,1527.0
49,02,-111.67824995489637,39.32376871301901,-151.59342192189865,63.742989015090714,2019-07-02,137,2299.0
49,04,-111.67824995489637,39.32376871301901,-111.6644603390921,34.29309519459149,2019-07-02,1346,22592.0
49,05,-111.67824995489637,39.32376871301901,-92.43923686174863,34.8997724175194,2019-07-02,96,1611.0
49,06,-111.67824995489637,39.32376871301901,-119.6638458867405,37.21530826027419,2019-07-02,4611,77396.0
49,08,-111.67824995489637,39.32376871301901,-105.5478211203382,38.99853159698931,2019-07-02,1650,27695.0
49,09,-111.67824995489637,39.32376871301901,-72.73825767764087,41.575164149895755,2019-07-02,65,1091.0
49,10,-111.67824995489637,39.32376871301901,-75.45249262811352,38.99497528640457,2019-07-02,10,167.0
49,11,-111.67824995489637,39.32376871301901,-77.0162909035438,38.90477388790585,2019-07-02,61,1023.0
49,12,-111.67824995489637,39.32376871301901,-82.46641838867941,28.477058414990193,2019-07-02,520,8728.0
49,13,-111.67824995489637,39.32376871301901,-83.42714021377525,32.63861711465618,2019-07-02,223,3743.0
49,15,-111.67824995489637,39.32376871301901,-158.1099738068461,20.995111199008356,2019-07-02,478,8023.0
49,16,-111.67824995489637,39.32376871301901,-114.6594139607683,44.389055086057056,2019-07-02,2801,47015.0
49,17,-111.67824995489637,39.32376871301901,-89.14863899339443,40.124200826969364,2019-07-02,399,6697.0
49,18,-111.67824995489637,39.32376871301901,-86.28183838774677,39.919869617318085,2019-07-02,186,3122.0
49,19,-111.67824995489637,39.32376871301901,-93.50009011569544,42.07464832674591,2019-07-02,228,3827.0
49,20,-111.67824995489637,39.32376871301901,-98.38015540415404,38.484727072453566,2019-07-02,347,5824.0
49,21,-111.67824995489637,39.32376871301901,-85.29055223275348,37.5266141736611,2019-07-02,252,4229.0
49,22,-111.67824995489637,39.32376871301901,-91.81423318426776,30.909072897746587,2019-07-02,93,1561.0
49,23,-111.67824995489637,39.32376871301901,-69.20275986278288,45.27432853102379,2019-07-02,54,906.0
49,24,-111.67824995489637,39.32376871301901,-76.68717734070172,38.94649396258224,2019-07-02,133,2232.0
49,25,-111.67824995489637,39.32376871301901,-71.503972041848,42.16009326868467,2019-07-02,161,2702.0
49,26,-111.67824995489637,39.32376871301901,-85.73095291151436,44.874773603554175,2019-07-02,221,3709.0
49,27,-111.67824995489637,39.32376871301901,-94.19830560457335,46.3491103788664,2019-07-02,209,3508.0
49,28,-111.67824995489637,39.32376871301901,-89.6533594096457,32.712892273261986,2019-07-02,59,990.0
49,29,-111.67824995489637,39.32376871301901,-92.4774251950813,38.3676304410753,2019-07-02,341,5723.0
49,30,-111.67824995489637,39.32376871301901,-109.64520698796639,47.03342111039991,2019-07-02,732,12286.0
49,31,-111.67824995489637,39.32376871301901,-99.81085586033895,41.527151125231704,2019-07-02,222,3726.0
49,32,-111.67824995489637,39.32376871301901,-116.65524866805762,39.356185873030874,2019-07-02,2771,46511.0
49,33,-111.67824995489637,39.32376871301901,-71.57124316745634,43.6802370603039,2019-07-02,13,218.0
49,34,-111.67824995489637,39.32376871301901,-74.65561230865505,40.11017985292258,2019-07-02,105,1762.0
49,35,-111.67824995489637,39.32376871301901,-106.1084438818861,34.42130099474041,2019-07-02,333,5589.0
49,36,-111.67824995489637,39.32376871301901,-75.59654322164518,42.92123354806042,2019-07-02,478,8023.0
49,37,-111.67824995489637,39.32376871301901,-79.13090891837648,35.52603039243236,2019-07-02,235,3944.0
49,38,-111.67824995489637,39.32376871301901,-100.4693907950372,47.446310421753914,2019-07-02,44,738.0
49,39,-111.67824995489637,39.32376871301901,-82.70937700691621,40.415486910016135,2019-07-02,225,3776.0
49,40,-111.67824995489637,39.32376871301901,-97.50822793037422,35.583464652524235,2019-07-02,130,2182.0
49,41,-111.67824995489637,39.32376871301901,-120.60525631019901,43.94045138675371,2019-07-02,1135,19051.0
49,42,-111.67824995489637,39.32376871301901,-77.83893800628347,40.896700506452106,2019-07-02,131,2198.0
49,44,-111.67824995489637,39.32376871301901,-71.52472355562169,41.59463889844585,2019-07-02,31,520.0
49,45,-111.67824995489637,39.32376871301901,-80.86459715523999,33.87785606967731,2019-07-02,76,1275.0
49,46,-111.67824995489637,39.32376871301901,-100.23046550270404,44.43613758926095,2019-07-02,152,2551.0
49,47,-111.67824995489637,39.32376871301901,-86.34341233023729,35.84298014361061,2019-07-02,136,2282.0
49,48,-111.67824995489637,39.32376871301901,-99.31712096957119,31.447212191842507,2019-07-02,1036,17389.0
49,49,-111.67824995489637,39.32376871301901,-111.67824995489637,39.32376871301901,2019-07-02,368259,6181278.0
49,50,-111.67824995489637,39.32376871301901,-72.66263037415419,44.075248233178044,2019-07-02,47,788.0
49,51,-111.67824995489637,39.32376871301901,-78.66634949421768,37.510873096830124,2019-07-02,202,3390.0
49,53,-111.67824995489637,39.32376871301901,-120.59289987466929,47.41163921872467,2019-07-02,1010,16952.0
49,54,-111.67824995489637,39.32376871301901,-80.61370689717069,38.64256709677395,2019-07-02,29,486.0
49,55,-111.67824995489637,39.32376871301901,-89.73293305821664,44.63994410730462,2019-07-02,158,2652.0
49,56,-111.67824995489637,39.32376871301901,-107.55139421018254,42.9995374625361,2019-07-02,1130,18967.0
49,72,-111.67824995489637,39.32376871301901,-66.41466678397286,18.21569833731172,2019-07-02,7,117.0
50,01,-72.66263037415419,44.075248233178044,-86.8445209956579,32.75687994183124,2019-07-02,8,157.0
50,02,-72.66263037415419,44.075248233178044,-151.59342192189865,63.742989015090714,2019-07-02,12,236.0
50,04,-72.66263037415419,44.075248233178044,-111.6644603390921,34.29309519459149,2019-07-02,25,492.0
50,05,-72.66263037415419,44.075248233178044,-92.43923686174863,34.8997724175194,2019-07-02,37,728.0
50,06,-72.66263037415419,44.075248233178044,-119.6638458867405,37.21530826027419,2019-07-02,104,2047.0
50,08,-72.66263037415419,44.075248233178044,-105.5478211203382,38.99853159698931,2019-07-02,58,1142.0
50,09,-72.66263037415419,44.075248233178044,-72.73825767764087,41.575164149895755,2019-07-02,359,7069.0
50,10,-72.66263037415419,44.075248233178044,-75.45249262811352,38.99497528640457,2019-07-02,18,354.0
50,11,-72.66263037415419,44.075248233178044,-77.0162909035438,38.90477388790585,2019-07-02,16,315.0
50,12,-72.66263037415419,44.075248233178044,-82.46641838867941,28.477058414990193,2019-07-02,251,4942.0
50,13,-72.66263037415419,44.075248233178044,-83.42714021377525,32.63861711465618,2019-07-02,33,649.0
50,15,-72.66263037415419,44.075248233178044,-158.1099738068461,20.995111199008356,2019-07-02,36,708.0
50,16,-72.66263037415419,44.075248233178044,-114.6594139607683,44.389055086057056,2019-07-02,10,196.0
50,17,-72.66263037415419,44.075248233178044,-89.14863899339443,40.124200826969364,2019-07-02,68,1339.0
50,18,-72.66263037415419,44.075248233178044,-86.28183838774677,39.919869617318085,2019-07-02,57,1122.0
50,19,-72.66263037415419,44.075248233178044,-93.50009011569544,42.07464832674591,2019-07-02,19,374.0
50,20,-72.66263037415419,44.075248233178044,-98.38015540415404,38.484727072453566,2019-07-02,81,1595.0
50,21,-72.66263037415419,44.075248233178044,-85.29055223275348,37.5266141736611,2019-07-02,18,354.0
50,22,-72.66263037415419,44.075248233178044,-91.81423318426776,30.909072897746587,2019-07-02,14,275.0
50,23,-72.66263037415419,44.075248233178044,-69.20275986278288,45.27432853102379,2019-07-02,479,9432.0
50,24,-72.66263037415419,44.075248233178044,-76.68717734070172,38.94649396258224,2019-07-02,66,1299.0
50,25,-72.66263037415419,44.075248233178044,-71.503972041848,42.16009326868467,2019-07-02,1013,19947.0
50,26,-72.66263037415419,44.075248233178044,-85.73095291151436,44.874773603554175,2019-07-02,68,1339.0
50,27,-72.66263037415419,44.075248233178044,-94.19830560457335,46.3491103788664,2019-07-02,20,393.0
50,28,-72.66263037415419,44.075248233178044,-89.6533594096457,32.712892273261986,2019-07-02,19,374.0
50,29,-72.66263037415419,44.075248233178044,-92.4774251950813,38.3676304410753,2019-07-02,26,511.0
50,30,-72.66263037415419,44.075248233178044,-109.64520698796639,47.03342111039991,2019-07-02,14,275.0
50,31,-72.66263037415419,44.075248233178044,-99.81085586033895,41.527151125231704,2019-07-02,21,413.0
50,32,-72.66263037415419,44.075248233178044,-116.65524866805762,39.356185873030874,2019-07-02,20,393.0
50,33,-72.66263037415419,44.075248233178044,-71.57124316745634,43.6802370603039,2019-07-02,2159,42513.0
50,34,-72.66263037415419,44.075248233178044,-74.65561230865505,40.11017985292258,2019-07-02,155,3052.0
50,35,-72.66263037415419,44.075248233178044,-106.1084438818861,34.42130099474041,2019-07-02,4,78.0
50,36,-72.66263037415419,44.075248233178044,-75.59654322164518,42.92123354806042,2019-07-02,1119,22034.0
50,37,-72.66263037415419,44.075248233178044,-79.13090891837648,35.52603039243236,2019-07-02,101,1988.0
50,38,-72.66263037415419,44.075248233178044,-100.4693907950372,47.446310421753914,2019-07-02,4,78.0
50,39,-72.66263037415419,44.075248233178044,-82.70937700691621,40.415486910016135,2019-07-02,106,2087.0
50,40,-72.66263037415419,44.075248233178044,-97.50822793037422,35.583464652524235,2019-07-02,12,236.0
50,41,-72.66263037415419,44.075248233178044,-120.60525631019901,43.94045138675371,2019-07-02,29,571.0
50,42,-72.66263037415419,44.075248233178044,-77.83893800628347,40.896700506452106,2019-07-02,186,3662.0
50,44,-72.66263037415419,44.075248233178044,-71.52472355562169,41.59463889844585,2019-07-02,83,1634.0
50,45,-72.66263037415419,44.075248233178044,-80.86459715523999,33.87785606967731,2019-07-02,59,1161.0
50,46,-72.66263037415419,44.075248233178044,-100.23046550270404,44.43613758926095,2019-07-02,2,39.0
50,47,-72.66263037415419,44.075248233178044,-86.34341233023729,35.84298014361061,2019-07-02,41,807.0
50,48,-72.66263037415419,44.075248233178044,-99.31712096957119,31.447212191842507,2019-07-02,66,1299.0
50,49,-72.66263037415419,44.075248233178044,-111.67824995489637,39.32376871301901,2019-07-02,30,590.0
50,50,-72.66263037415419,44.075248233178044,-72.66263037415419,44.075248233178044,2019-07-02,49748,979613.0
50,51,-72.66263037415419,44.075248233178044,-78.66634949421768,37.510873096830124,2019-07-02,77,1516.0
50,53,-72.66263037415419,44.075248233178044,-120.59289987466929,47.41163921872467,2019-07-02,15,295.0
50,54,-72.66263037415419,44.075248233178044,-80.61370689717069,38.64256709677395,2019-07-02,12,236.0
50,55,-72.66263037415419,44.075248233178044,-89.73293305821664,44.63994410730462,2019-07-02,49,964.0
50,56,-72.66263037415419,44.075248233178044,-107.55139421018254,42.9995374625361,2019-07-02,14,275.0
50,72,-72.66263037415419,44.075248233178044,-66.41466678397286,18.21569833731172,2019-07-02,2,39.0
51,01,-78.66634949421768,37.510873096830124,-86.8445209956579,32.75687994183124,2019-07-02,828,13704.0
51,02,-78.66634949421768,37.510873096830124,-151.59342192189865,63.742989015090714,2019-07-02,195,3227.0
51,04,-78.66634949421768,37.510873096830124,-111.6644603390921,34.29309519459149,2019-07-02,578,9566.0
51,05,-78.66634949421768,37.510873096830124,-92.43923686174863,34.8997724175194,2019-07-02,292,4832.0
51,06,-78.66634949421768,37.510873096830124,-119.6638458867405,37.21530826027419,2019-07-02,3317,54898.0
51,08,-78.66634949421768,37.510873096830124,-105.5478211203382,38.99853159698931,2019-07-02,1026,16981.0
51,09,-78.66634949421768,37.510873096830124,-72.73825767764087,41.575164149895755,2019-07-02,621,10278.0
51,10,-78.66634949421768,37.510873096830124,-75.45249262811352,38.99497528640457,2019-07-02,1804,29857.0
51,11,-78.66634949421768,37.510873096830124,-77.0162909035438,38.90477388790585,2019-07-02,13641,225769.0
51,12,-78.66634949421768,37.510873096830124,-82.46641838867941,28.477058414990193,2019-07-02,7518,124428.0
51,13,-78.66634949421768,37.510873096830124,-83.42714021377525,32.63861711465618,2019-07-02,3523,58308.0
51,15,-78.66634949421768,37.510873096830124,-158.1099738068461,20.995111199008356,2019-07-02,603,9980.0
51,16,-78.66634949421768,37.510873096830124,-114.6594139607683,44.389055086057056,2019-07-02,133,2201.0
51,17,-78.66634949421768,37.510873096830124,-89.14863899339443,40.124200826969364,2019-07-02,1592,26348.0
51,18,-78.66634949421768,37.510873096830124,-86.28183838774677,39.919869617318085,2019-07-02,1025,16964.0
51,19,-78.66634949421768,37.510873096830124,-93.50009011569544,42.07464832674591,2019-07-02,368,6090.0
51,20,-78.66634949421768,37.510873096830124,-98.38015540415404,38.484727072453566,2019-07-02,1401,23187.0
51,21,-78.66634949421768,37.510873096830124,-85.29055223275348,37.5266141736611,2019-07-02,1310,21681.0
51,22,-78.66634949421768,37.510873096830124,-91.81423318426776,30.909072897746587,2019-07-02,902,14928.0
51,23,-78.66634949421768,37.510873096830124,-69.20275986278288,45.27432853102379,2019-07-02,575,9516.0
51,24,-78.66634949421768,37.510873096830124,-76.68717734070172,38.94649396258224,2019-07-02,13998,231677.0
51,25,-78.66634949421768,37.510873096830124,-71.503972041848,42.16009326868467,2019-07-02,1558,25786.0
51,26,-78.66634949421768,37.510873096830124,-85.73095291151436,44.874773603554175,2019-07-02,1449,23982.0
51,27,-78.66634949421768,37.510873096830124,-94.19830560457335,46.3491103788664,2019-07-02,510,8440.0
51,28,-78.66634949421768,37.510873096830124,-89.6533594096457,32.712892273261986,2019-07-02,418,6918.0
51,29,-78.66634949421768,37.510873096830124,-92.4774251950813,38.3676304410753,2019-07-02,824,13637.0
51,30,-78.66634949421768,37.510873096830124,-109.64520698796639,47.03342111039991,2019-07-02,226,3740.0
51,31,-78.66634949421768,37.510873096830124,-99.81085586033895,41.527151125231704,2019-07-02,143,2366.0
51,32,-78.66634949421768,37.510873096830124,-116.65524866805762,39.356185873030874,2019-07-02,584,9665.0
51,33,-78.66634949421768,37.510873096830124,-71.57124316745634,43.6802370603039,2019-07-02,348,5759.0
51,34,-78.66634949421768,37.510873096830124,-74.65561230865505,40.11017985292258,2019-07-02,2377,39341.0
51,35,-78.66634949421768,37.510873096830124,-106.1084438818861,34.42130099474041,2019-07-02,228,3773.0
51,36,-78.66634949421768,37.510873096830124,-75.59654322164518,42.92123354806042,2019-07-02,4917,81380.0
51,37,-78.66634949421768,37.510873096830124,-79.13090891837648,35.52603039243236,2019-07-02,16477,272707.0
51,38,-78.66634949421768,37.510873096830124,-100.4693907950372,47.446310421753914,2019-07-02,49,810.0
51,39,-78.66634949421768,37.510873096830124,-82.70937700691621,40.415486910016135,2019-07-02,2118,35054.0
51,40,-78.66634949421768,37.510873096830124,-97.50822793037422,35.583464652524235,2019-07-02,459,7596.0
51,41,-78.66634949421768,37.510873096830124,-120.60525631019901,43.94045138675371,2019-07-02,281,4650.0
51,42,-78.66634949421768,37.510873096830124,-77.83893800628347,40.896700506452106,2019-07-02,4377,72442.0
51,44,-78.66634949421768,37.510873096830124,-71.52472355562169,41.59463889844585,2019-07-02,228,3773.0
51,45,-78.66634949421768,37.510873096830124,-80.86459715523999,33.87785606967731,2019-07-02,6845,113290.0
51,46,-78.66634949421768,37.510873096830124,-100.23046550270404,44.43613758926095,2019-07-02,149,2466.0
51,47,-78.66634949421768,37.510873096830124,-86.34341233023729,35.84298014361061,2019-07-02,5458,90334.0
51,48,-78.66634949421768,37.510873096830124,-99.31712096957119,31.447212191842507,2019-07-02,2563,42419.0
51,49,-78.66634949421768,37.510873096830124,-111.67824995489637,39.32376871301901,2019-07-02,450,7447.0
51,50,-78.66634949421768,37.510873096830124,-72.66263037415419,44.075248233178044,2019-07-02,208,3442.0
51,51,-78.66634949421768,37.510873096830124,-78.66634949421768,37.510873096830124,2019-07-02,983889,16284140.0
51,53,-78.66634949421768,37.510873096830124,-120.59289987466929,47.41163921872467,2019-07-02,608,10062.0
51,54,-78.66634949421768,37.510873096830124,-80.61370689717069,38.64256709677395,2019-07-02,2852,47202.0
51,55,-78.66634949421768,37.510873096830124,-89.73293305821664,44.63994410730462,2019-07-02,507,8391.0
51,56,-78.66634949421768,37.510873096830124,-107.55139421018254,42.9995374625361,2019-07-02,229,3790.0
51,72,-78.66634949421768,37.510873096830124,-66.41466678397286,18.21569833731172,2019-07-02,104,1721.0
53,01,-120.59289987466929,47.41163921872467,-86.8445209956579,32.75687994183124,2019-07-02,149,2609.0
53,02,-120.59289987466929,47.41163921872467,-151.59342192189865,63.742989015090714,2019-07-02,1023,17916.0
53,04,-120.59289987466929,47.41163921872467,-111.6644603390921,34.29309519459149,2019-07-02,1122,19649.0
53,05,-120.59289987466929,47.41163921872467,-92.43923686174863,34.8997724175194,2019-07-02,124,2171.0
53,06,-120.59289987466929,47.41163921872467,-119.6638458867405,37.21530826027419,2019-07-02,8542,149597.0
53,08,-120.59289987466929,47.41163921872467,-105.5478211203382,38.99853159698931,2019-07-02,1411,24711.0
53,09,-120.59289987466929,47.41163921872467,-72.73825767764087,41.575164149895755,2019-07-02,168,2942.0
53,10,-120.59289987466929,47.41163921872467,-75.45249262811352,38.99497528640457,2019-07-02,57,998.0
53,11,-120.59289987466929,47.41163921872467,-77.0162909035438,38.90477388790585,2019-07-02,241,4220.0
53,12,-120.59289987466929,47.41163921872467,-82.46641838867941,28.477058414990193,2019-07-02,1135,19877.0
53,13,-120.59289987466929,47.41163921872467,-83.42714021377525,32.63861711465618,2019-07-02,405,7092.0
53,15,-120.59289987466929,47.41163921872467,-158.1099738068461,20.995111199008356,2019-07-02,2359,41313.0
53,16,-120.59289987466929,47.41163921872467,-114.6594139607683,44.389055086057056,2019-07-02,5769,101033.0
53,17,-120.59289987466929,47.41163921872467,-89.14863899339443,40.124200826969364,2019-07-02,813,14238.0
53,18,-120.59289987466929,47.41163921872467,-86.28183838774677,39.919869617318085,2019-07-02,441,7723.0
53,19,-120.59289987466929,47.41163921872467,-93.50009011569544,42.07464832674591,2019-07-02,225,3940.0
53,20,-120.59289987466929,47.41163921872467,-98.38015540415404,38.484727072453566,2019-07-02,1093,19141.0
53,21,-120.59289987466929,47.41163921872467,-85.29055223275348,37.5266141736611,2019-07-02,161,2819.0
53,22,-120.59289987466929,47.41163921872467,-91.81423318426776,30.909072897746587,2019-07-02,220,3852.0
53,23,-120.59289987466929,47.41163921872467,-69.20275986278288,45.27432853102379,2019-07-02,71,1243.0
53,24,-120.59289987466929,47.41163921872467,-76.68717734070172,38.94649396258224,2019-07-02,265,4640.0
53,25,-120.59289987466929,47.41163921872467,-71.503972041848,42.16009326868467,2019-07-02,350,6129.0
53,26,-120.59289987466929,47.41163921872467,-85.73095291151436,44.874773603554175,2019-07-02,516,9036.0
53,27,-120.59289987466929,47.41163921872467,-94.19830560457335,46.3491103788664,2019-07-02,619,10840.0
53,28,-120.59289987466929,47.41163921872467,-89.6533594096457,32.712892273261986,2019-07-02,65,1138.0
53,29,-120.59289987466929,47.41163921872467,-92.4774251950813,38.3676304410753,2019-07-02,481,8423.0
53,30,-120.59289987466929,47.41163921872467,-109.64520698796639,47.03342111039991,2019-07-02,2007,35149.0
53,31,-120.59289987466929,47.41163921872467,-99.81085586033895,41.527151125231704,2019-07-02,234,4098.0
53,32,-120.59289987466929,47.41163921872467,-116.65524866805762,39.356185873030874,2019-07-02,1731,30315.0
53,33,-120.59289987466929,47.41163921872467,-71.57124316745634,43.6802370603039,2019-07-02,66,1155.0
53,34,-120.59289987466929,47.41163921872467,-74.65561230865505,40.11017985292258,2019-07-02,321,5621.0
53,35,-120.59289987466929,47.41163921872467,-106.1084438818861,34.42130099474041,2019-07-02,198,3467.0
53,36,-120.59289987466929,47.41163921872467,-75.59654322164518,42.92123354806042,2019-07-02,1180,20665.0
53,37,-120.59289987466929,47.41163921872467,-79.13090891837648,35.52603039243236,2019-07-02,389,6812.0
53,38,-120.59289987466929,47.41163921872467,-100.4693907950372,47.446310421753914,2019-07-02,171,2994.0
53,39,-120.59289987466929,47.41163921872467,-82.70937700691621,40.415486910016135,2019-07-02,756,13239.0
53,40,-120.59289987466929,47.41163921872467,-97.50822793037422,35.583464652524235,2019-07-02,239,4185.0
53,41,-120.59289987466929,47.41163921872467,-120.60525631019901,43.94045138675371,2019-07-02,20154,352961.0
53,42,-120.59289987466929,47.41163921872467,-77.83893800628347,40.896700506452106,2019-07-02,430,7530.0
53,44,-120.59289987466929,47.41163921872467,-71.52472355562169,41.59463889844585,2019-07-02,37,647.0
53,45,-120.59289987466929,47.41163921872467,-80.86459715523999,33.87785606967731,2019-07-02,272,4763.0
53,46,-120.59289987466929,47.41163921872467,-100.23046550270404,44.43613758926095,2019-07-02,391,6847.0
53,47,-120.59289987466929,47.41163921872467,-86.34341233023729,35.84298014361061,2019-07-02,332,5814.0
53,48,-120.59289987466929,47.41163921872467,-99.31712096957119,31.447212191842507,2019-07-02,2084,36497.0
53,49,-120.59289987466929,47.41163921872467,-111.67824995489637,39.32376871301901,2019-07-02,1163,20367.0
53,50,-120.59289987466929,47.41163921872467,-72.66263037415419,44.075248233178044,2019-07-02,22,385.0
53,51,-120.59289987466929,47.41163921872467,-78.66634949421768,37.510873096830124,2019-07-02,526,9211.0
53,53,-120.59289987466929,47.41163921872467,-120.59289987466929,47.41163921872467,2019-07-02,790924,13851614.0
53,54,-120.59289987466929,47.41163921872467,-80.61370689717069,38.64256709677395,2019-07-02,26,455.0
53,55,-120.59289987466929,47.41163921872467,-89.73293305821664,44.63994410730462,2019-07-02,312,5464.0
53,56,-120.59289987466929,47.41163921872467,-107.55139421018254,42.9995374625361,2019-07-02,447,7828.0
53,72,-120.59289987466929,47.41163921872467,-66.41466678397286,18.21569833731172,2019-07-02,21,367.0
54,01,-80.61370689717069,38.64256709677395,-86.8445209956579,32.75687994183124,2019-07-02,131,2020.0
54,02,-80.61370689717069,38.64256709677395,-151.59342192189865,63.742989015090714,2019-07-02,42,647.0
54,04,-80.61370689717069,38.64256709677395,-111.6644603390921,34.29309519459149,2019-07-02,58,894.0
54,05,-80.61370689717069,38.64256709677395,-92.43923686174863,34.8997724175194,2019-07-02,65,1002.0
54,06,-80.61370689717069,38.64256709677395,-119.6638458867405,37.21530826027419,2019-07-02,260,4009.0
54,08,-80.61370689717069,38.64256709677395,-105.5478211203382,38.99853159698931,2019-07-02,127,1958.0
54,09,-80.61370689717069,38.64256709677395,-72.73825767764087,41.575164149895755,2019-07-02,61,940.0
54,10,-80.61370689717069,38.64256709677395,-75.45249262811352,38.99497528640457,2019-07-02,165,2544.0
54,11,-80.61370689717069,38.64256709677395,-77.0162909035438,38.90477388790585,2019-07-02,432,6662.0
54,12,-80.61370689717069,38.64256709677395,-82.46641838867941,28.477058414990193,2019-07-02,1887,29100.0
54,13,-80.61370689717069,38.64256709677395,-83.42714021377525,32.63861711465618,2019-07-02,321,4950.0
54,15,-80.61370689717069,38.64256709677395,-158.1099738068461,20.995111199008356,2019-07-02,106,1634.0
54,16,-80.61370689717069,38.64256709677395,-114.6594139607683,44.389055086057056,2019-07-02,20,308.0
54,17,-80.61370689717069,38.64256709677395,-89.14863899339443,40.124200826969364,2019-07-02,423,6523.0
54,18,-80.61370689717069,38.64256709677395,-86.28183838774677,39.919869617318085,2019-07-02,226,3485.0
54,19,-80.61370689717069,38.64256709677395,-93.50009011569544,42.07464832674591,2019-07-02,42,647.0
54,20,-80.61370689717069,38.64256709677395,-98.38015540415404,38.484727072453566,2019-07-02,239,3685.0
54,21,-80.61370689717069,38.64256709677395,-85.29055223275348,37.5266141736611,2019-07-02,1588,24489.0
54,22,-80.61370689717069,38.64256709677395,-91.81423318426776,30.909072897746587,2019-07-02,92,1418.0
54,23,-80.61370689717069,38.64256709677395,-69.20275986278288,45.27432853102379,2019-07-02,90,1387.0
54,24,-80.61370689717069,38.64256709677395,-76.68717734070172,38.94649396258224,2019-07-02,4217,65032.0
54,25,-80.61370689717069,38.64256709677395,-71.503972041848,42.16009326868467,2019-07-02,121,1866.0
54,26,-80.61370689717069,38.64256709677395,-85.73095291151436,44.874773603554175,2019-07-02,214,3300.0
54,27,-80.61370689717069,38.64256709677395,-94.19830560457335,46.3491103788664,2019-07-02,168,2590.0
54,28,-80.61370689717069,38.64256709677395,-89.6533594096457,32.712892273261986,2019-07-02,319,4919.0
54,29,-80.61370689717069,38.64256709677395,-92.4774251950813,38.3676304410753,2019-07-02,164,2529.0
54,30,-80.61370689717069,38.64256709677395,-109.64520698796639,47.03342111039991,2019-07-02,40,616.0
54,31,-80.61370689717069,38.64256709677395,-99.81085586033895,41.527151125231704,2019-07-02,20,308.0
54,32,-80.61370689717069,38.64256709677395,-116.65524866805762,39.356185873030874,2019-07-02,53,817.0
54,33,-80.61370689717069,38.64256709677395,-71.57124316745634,43.6802370603039,2019-07-02,14,215.0
54,34,-80.61370689717069,38.64256709677395,-74.65561230865505,40.11017985292258,2019-07-02,218,3361.0
54,35,-80.61370689717069,38.64256709677395,-106.1084438818861,34.42130099474041,2019-07-02,44,678.0
54,36,-80.61370689717069,38.64256709677395,-75.59654322164518,42.92123354806042,2019-07-02,613,9453.0
54,37,-80.61370689717069,38.64256709677395,-79.13090891837648,35.52603039243236,2019-07-02,1668,25723.0
54,38,-80.61370689717069,38.64256709677395,-100.4693907950372,47.446310421753914,2019-07-02,39,601.0
54,39,-80.61370689717069,38.64256709677395,-82.70937700691621,40.415486910016135,2019-07-02,5885,90756.0
54,40,-80.61370689717069,38.64256709677395,-97.50822793037422,35.583464652524235,2019-07-02,76,1172.0
54,41,-80.61370689717069,38.64256709677395,-120.60525631019901,43.94045138675371,2019-07-02,20,308.0
54,42,-80.61370689717069,38.64256709677395,-77.83893800628347,40.896700506452106,2019-07-02,3175,48963.0
54,44,-80.61370689717069,38.64256709677395,-71.52472355562169,41.59463889844585,2019-07-02,11,169.0
54,45,-80.61370689717069,38.64256709677395,-80.86459715523999,33.87785606967731,2019-07-02,2710,41792.0
54,46,-80.61370689717069,38.64256709677395,-100.23046550270404,44.43613758926095,2019-07-02,22,339.0
54,47,-80.61370689717069,38.64256709677395,-86.34341233023729,35.84298014361061,2019-07-02,1084,16717.0
54,48,-80.61370689717069,38.64256709677395,-99.31712096957119,31.447212191842507,2019-07-02,353,5443.0
54,49,-80.61370689717069,38.64256709677395,-111.67824995489637,39.32376871301901,2019-07-02,62,956.0
54,50,-80.61370689717069,38.64256709677395,-72.66263037415419,44.075248233178044,2019-07-02,51,786.0
54,51,-80.61370689717069,38.64256709677395,-78.66634949421768,37.510873096830124,2019-07-02,6038,93115.0
54,53,-80.61370689717069,38.64256709677395,-120.59289987466929,47.41163921872467,2019-07-02,59,909.0
54,54,-80.61370689717069,38.64256709677395,-80.61370689717069,38.64256709677395,2019-07-02,204022,3146350.0
54,55,-80.61370689717069,38.64256709677395,-89.73293305821664,44.63994410730462,2019-07-02,54,832.0
54,56,-80.61370689717069,38.64256709677395,-107.55139421018254,42.9995374625361,2019-07-02,40,616.0
54,72,-80.61370689717069,38.64256709677395,-66.41466678397286,18.21569833731172,2019-07-02,2,30.0
55,01,-89.73293305821664,44.63994410730462,-86.8445209956579,32.75687994183124,2019-07-02,271,3857.0
55,02,-89.73293305821664,44.63994410730462,-151.59342192189865,63.742989015090714,2019-07-02,215,3060.0
55,04,-89.73293305821664,44.63994410730462,-111.6644603390921,34.29309519459149,2019-07-02,488,6945.0
55,05,-89.73293305821664,44.63994410730462,-92.43923686174863,34.8997724175194,2019-07-02,164,2334.0
55,06,-89.73293305821664,44.63994410730462,-119.6638458867405,37.21530826027419,2019-07-02,1514,21549.0
55,08,-89.73293305821664,44.63994410730462,-105.5478211203382,38.99853159698931,2019-07-02,1335,19001.0
55,09,-89.73293305821664,44.63994410730462,-72.73825767764087,41.575164149895755,2019-07-02,133,1893.0
55,10,-89.73293305821664,44.63994410730462,-75.45249262811352,38.99497528640457,2019-07-02,46,654.0
55,11,-89.73293305821664,44.63994410730462,-77.0162909035438,38.90477388790585,2019-07-02,104,1480.0
55,12,-89.73293305821664,44.63994410730462,-82.46641838867941,28.477058414990193,2019-07-02,2017,28709.0
55,13,-89.73293305821664,44.63994410730462,-83.42714021377525,32.63861711465618,2019-07-02,690,9821.0
55,15,-89.73293305821664,44.63994410730462,-158.1099738068461,20.995111199008356,2019-07-02,114,1622.0
55,16,-89.73293305821664,44.63994410730462,-114.6594139607683,44.389055086057056,2019-07-02,141,2006.0
55,17,-89.73293305821664,44.63994410730462,-89.14863899339443,40.124200826969364,2019-07-02,13157,187270.0
55,18,-89.73293305821664,44.63994410730462,-86.28183838774677,39.919869617318085,2019-07-02,1647,23442.0
55,19,-89.73293305821664,44.63994410730462,-93.50009011569544,42.07464832674591,2019-07-02,2285,32523.0
55,20,-89.73293305821664,44.63994410730462,-98.38015540415404,38.484727072453566,2019-07-02,871,12397.0
55,21,-89.73293305821664,44.63994410730462,-85.29055223275348,37.5266141736611,2019-07-02,511,7273.0
55,22,-89.73293305821664,44.63994410730462,-91.81423318426776,30.909072897746587,2019-07-02,167,2377.0
55,23,-89.73293305821664,44.63994410730462,-69.20275986278288,45.27432853102379,2019-07-02,150,2135.0
55,24,-89.73293305821664,44.63994410730462,-76.68717734070172,38.94649396258224,2019-07-02,295,4198.0
55,25,-89.73293305821664,44.63994410730462,-71.503972041848,42.16009326868467,2019-07-02,384,5465.0
55,26,-89.73293305821664,44.63994410730462,-85.73095291151436,44.874773603554175,2019-07-02,3751,53390.0
55,27,-89.73293305821664,44.63994410730462,-94.19830560457335,46.3491103788664,2019-07-02,10294,146520.0
55,28,-89.73293305821664,44.63994410730462,-89.6533594096457,32.712892273261986,2019-07-02,176,2505.0
55,29,-89.73293305821664,44.63994410730462,-92.4774251950813,38.3676304410753,2019-07-02,1083,15414.0
55,30,-89.73293305821664,44.63994410730462,-109.64520698796639,47.03342111039991,2019-07-02,458,6518.0
55,31,-89.73293305821664,44.63994410730462,-99.81085586033895,41.527151125231704,2019-07-02,391,5565.0
55,32,-89.73293305821664,44.63994410730462,-116.65524866805762,39.356185873030874,2019-07-02,378,5380.0
55,33,-89.73293305821664,44.63994410730462,-71.57124316745634,43.6802370603039,2019-07-02,85,1209.0
55,34,-89.73293305821664,44.63994410730462,-74.65561230865505,40.11017985292258,2019-07-02,235,3344.0
55,35,-89.73293305821664,44.63994410730462,-106.1084438818861,34.42130099474041,2019-07-02,124,1764.0
55,36,-89.73293305821664,44.63994410730462,-75.59654322164518,42.92123354806042,2019-07-02,920,13094.0
55,37,-89.73293305821664,44.63994410730462,-79.13090891837648,35.52603039243236,2019-07-02,703,10006.0
55,38,-89.73293305821664,44.63994410730462,-100.4693907950372,47.446310421753914,2019-07-02,278,3956.0
55,39,-89.73293305821664,44.63994410730462,-82.70937700691621,40.415486910016135,2019-07-02,1241,17663.0
55,40,-89.73293305821664,44.63994410730462,-97.50822793037422,35.583464652524235,2019-07-02,253,3601.0
55,41,-89.73293305821664,44.63994410730462,-120.60525631019901,43.94045138675371,2019-07-02,341,4853.0
55,42,-89.73293305821664,44.63994410730462,-77.83893800628347,40.896700506452106,2019-07-02,597,8497.0
55,44,-89.73293305821664,44.63994410730462,-71.52472355562169,41.59463889844585,2019-07-02,37,526.0
55,45,-89.73293305821664,44.63994410730462,-80.86459715523999,33.87785606967731,2019-07-02,662,9422.0
55,46,-89.73293305821664,44.63994410730462,-100.23046550270404,44.43613758926095,2019-07-02,706,10048.0
55,47,-89.73293305821664,44.63994410730462,-86.34341233023729,35.84298014361061,2019-07-02,861,12255.0
55,48,-89.73293305821664,44.63994410730462,-99.31712096957119,31.447212191842507,2019-07-02,1394,19841.0
55,49,-89.73293305821664,44.63994410730462,-111.67824995489637,39.32376871301901,2019-07-02,239,3401.0
55,50,-89.73293305821664,44.63994410730462,-72.66263037415419,44.075248233178044,2019-07-02,50,711.0
55,51,-89.73293305821664,44.63994410730462,-78.66634949421768,37.510873096830124,2019-07-02,459,6533.0
55,53,-89.73293305821664,44.63994410730462,-120.59289987466929,47.41163921872467,2019-07-02,453,6447.0
55,54,-89.73293305821664,44.63994410730462,-80.61370689717069,38.64256709677395,2019-07-02,70,996.0
55,55,-89.73293305821664,44.63994410730462,-89.73293305821664,44.63994410730462,2019-07-02,767234,10920469.0
55,56,-89.73293305821664,44.63994410730462,-107.55139421018254,42.9995374625361,2019-07-02,308,4383.0
55,72,-89.73293305821664,44.63994410730462,-66.41466678397286,18.21569833731172,2019-07-02,29,412.0
56,01,-107.55139421018254,42.9995374625361,-86.8445209956579,32.75687994183124,2019-07-02,9,160.0
56,02,-107.55139421018254,42.9995374625361,-151.59342192189865,63.742989015090714,2019-07-02,48,853.0
56,04,-107.55139421018254,42.9995374625361,-111.6644603390921,34.29309519459149,2019-07-02,108,1921.0
56,05,-107.55139421018254,42.9995374625361,-92.43923686174863,34.8997724175194,2019-07-02,91,1618.0
56,06,-107.55139421018254,42.9995374625361,-119.6638458867405,37.21530826027419,2019-07-02,377,6705.0
56,08,-107.55139421018254,42.9995374625361,-105.5478211203382,38.99853159698931,2019-07-02,2005,35663.0
56,09,-107.55139421018254,42.9995374625361,-72.73825767764087,41.575164149895755,2019-07-02,4,71.0
56,10,-107.55139421018254,42.9995374625361,-75.45249262811352,38.99497528640457,2019-07-02,2,35.0
56,11,-107.55139421018254,42.9995374625361,-77.0162909035438,38.90477388790585,2019-07-02,10,177.0
56,12,-107.55139421018254,42.9995374625361,-82.46641838867941,28.477058414990193,2019-07-02,154,2739.0
56,13,-107.55139421018254,42.9995374625361,-83.42714021377525,32.63861711465618,2019-07-02,28,498.0
56,15,-107.55139421018254,42.9995374625361,-158.1099738068461,20.995111199008356,2019-07-02,21,373.0
56,16,-107.55139421018254,42.9995374625361,-114.6594139607683,44.389055086057056,2019-07-02,346,6154.0
56,17,-107.55139421018254,42.9995374625361,-89.14863899339443,40.124200826969364,2019-07-02,123,2187.0
56,18,-107.55139421018254,42.9995374625361,-86.28183838774677,39.919869617318085,2019-07-02,34,604.0
56,19,-107.55139421018254,42.9995374625361,-93.50009011569544,42.07464832674591,2019-07-02,65,1156.0
56,20,-107.55139421018254,42.9995374625361,-98.38015540415404,38.484727072453566,2019-07-02,158,2810.0
56,21,-107.55139421018254,42.9995374625361,-85.29055223275348,37.5266141736611,2019-07-02,20,355.0
56,22,-107.55139421018254,42.9995374625361,-91.81423318426776,30.909072897746587,2019-07-02,62,1102.0
56,23,-107.55139421018254,42.9995374625361,-69.20275986278288,45.27432853102379,2019-07-02,6,106.0
56,24,-107.55139421018254,42.9995374625361,-76.68717734070172,38.94649396258224,2019-07-02,6,106.0
56,25,-107.55139421018254,42.9995374625361,-71.503972041848,42.16009326868467,2019-07-02,36,640.0
56,26,-107.55139421018254,42.9995374625361,-85.73095291151436,44.874773603554175,2019-07-02,99,1760.0
56,27,-107.55139421018254,42.9995374625361,-94.19830560457335,46.3491103788664,2019-07-02,101,1796.0
56,28,-107.55139421018254,42.9995374625361,-89.6533594096457,32.712892273261986,2019-07-02,22,391.0
56,29,-107.55139421018254,42.9995374625361,-92.4774251950813,38.3676304410753,2019-07-02,95,1689.0
56,30,-107.55139421018254,42.9995374625361,-109.64520698796639,47.03342111039991,2019-07-02,683,12148.0
56,31,-107.55139421018254,42.9995374625361,-99.81085586033895,41.527151125231704,2019-07-02,335,5958.0
56,32,-107.55139421018254,42.9995374625361,-116.65524866805762,39.356185873030874,2019-07-02,133,2365.0
56,33,-107.55139421018254,42.9995374625361,-71.57124316745634,43.6802370603039,2019-07-02,10,177.0
56,34,-107.55139421018254,42.9995374625361,-74.65561230865505,40.11017985292258,2019-07-02,22,391.0
56,35,-107.55139421018254,42.9995374625361,-106.1084438818861,34.42130099474041,2019-07-02,60,1067.0
56,36,-107.55139421018254,42.9995374625361,-75.59654322164518,42.92123354806042,2019-07-02,31,551.0
56,37,-107.55139421018254,42.9995374625361,-79.13090891837648,35.52603039243236,2019-07-02,48,853.0
56,38,-107.55139421018254,42.9995374625361,-100.4693907950372,47.446310421753914,2019-07-02,136,2419.0
56,39,-107.55139421018254,42.9995374625361,-82.70937700691621,40.415486910016135,2019-07-02,65,1156.0
56,40,-107.55139421018254,42.9995374625361,-97.50822793037422,35.583464652524235,2019-07-02,133,2365.0
56,41,-107.55139421018254,42.9995374625361,-120.60525631019901,43.94045138675371,2019-07-02,126,2241.0
56,42,-107.55139421018254,42.9995374625361,-77.83893800628347,40.896700506452106,2019-07-02,31,551.0
56,44,-107.55139421018254,42.9995374625361,-71.52472355562169,41.59463889844585,2019-07-02,4,71.0
56,45,-107.55139421018254,42.9995374625361,-80.86459715523999,33.87785606967731,2019-07-02,8,142.0
56,46,-107.55139421018254,42.9995374625361,-100.23046550270404,44.43613758926095,2019-07-02,501,8911.0
56,47,-107.55139421018254,42.9995374625361,-86.34341233023729,35.84298014361061,2019-07-02,38,675.0
56,48,-107.55139421018254,42.9995374625361,-99.31712096957119,31.447212191842507,2019-07-02,503,8946.0
56,49,-107.55139421018254,42.9995374625361,-111.67824995489637,39.32376871301901,2019-07-02,630,11205.0
56,50,-107.55139421018254,42.9995374625361,-72.66263037415419,44.075248233178044,2019-07-02,16,284.0
56,51,-107.55139421018254,42.9995374625361,-78.66634949421768,37.510873096830124,2019-07-02,16,284.0
56,53,-107.55139421018254,42.9995374625361,-120.59289987466929,47.41163921872467,2019-07-02,136,2419.0
56,54,-107.55139421018254,42.9995374625361,-80.61370689717069,38.64256709677395,2019-07-02,8,142.0
56,55,-107.55139421018254,42.9995374625361,-89.73293305821664,44.63994410730462,2019-07-02,58,1031.0
56,56,-107.55139421018254,42.9995374625361,-107.55139421018254,42.9995374625361,2019-07-02,57108,1015791.0
72,01,-66.41466678397286,18.21569833731172,-86.8445209956579,32.75687994183124,2019-07-02,8,348.0
72,04,-66.41466678397286,18.21569833731172,-111.6644603390921,34.29309519459149,2019-07-02,16,696.0
72,05,-66.41466678397286,18.21569833731172,-92.43923686174863,34.8997724175194,2019-07-02,7,304.0
72,06,-66.41466678397286,18.21569833731172,-119.6638458867405,37.21530826027419,2019-07-02,59,2566.0
72,08,-66.41466678397286,18.21569833731172,-105.5478211203382,38.99853159698931,2019-07-02,7,304.0
72,09,-66.41466678397286,18.21569833731172,-72.73825767764087,41.575164149895755,2019-07-02,33,1435.0
72,10,-66.41466678397286,18.21569833731172,-75.45249262811352,38.99497528640457,2019-07-02,1,43.0
72,11,-66.41466678397286,18.21569833731172,-77.0162909035438,38.90477388790585,2019-07-02,5,217.0
72,12,-66.41466678397286,18.21569833731172,-82.46641838867941,28.477058414990193,2019-07-02,1249,54340.0
72,13,-66.41466678397286,18.21569833731172,-83.42714021377525,32.63861711465618,2019-07-02,161,7004.0
72,15,-66.41466678397286,18.21569833731172,-158.1099738068461,20.995111199008356,2019-07-02,3,130.0
72,17,-66.41466678397286,18.21569833731172,-89.14863899339443,40.124200826969364,2019-07-02,44,1914.0
72,18,-66.41466678397286,18.21569833731172,-86.28183838774677,39.919869617318085,2019-07-02,22,957.0
72,19,-66.41466678397286,18.21569833731172,-93.50009011569544,42.07464832674591,2019-07-02,12,522.0
72,20,-66.41466678397286,18.21569833731172,-98.38015540415404,38.484727072453566,2019-07-02,13,565.0
72,21,-66.41466678397286,18.21569833731172,-85.29055223275348,37.5266141736611,2019-07-02,5,217.0
72,22,-66.41466678397286,18.21569833731172,-91.81423318426776,30.909072897746587,2019-07-02,7,304.0
72,24,-66.41466678397286,18.21569833731172,-76.68717734070172,38.94649396258224,2019-07-02,17,739.0
72,25,-66.41466678397286,18.21569833731172,-71.503972041848,42.16009326868467,2019-07-02,54,2349.0
72,26,-66.41466678397286,18.21569833731172,-85.73095291151436,44.874773603554175,2019-07-02,16,696.0
72,27,-66.41466678397286,18.21569833731172,-94.19830560457335,46.3491103788664,2019-07-02,4,174.0
72,28,-66.41466678397286,18.21569833731172,-89.6533594096457,32.712892273261986,2019-07-02,13,565.0
72,29,-66.41466678397286,18.21569833731172,-92.4774251950813,38.3676304410753,2019-07-02,11,478.0
72,30,-66.41466678397286,18.21569833731172,-109.64520698796639,47.03342111039991,2019-07-02,2,87.0
72,31,-66.41466678397286,18.21569833731172,-99.81085586033895,41.527151125231704,2019-07-02,3,130.0
72,32,-66.41466678397286,18.21569833731172,-116.65524866805762,39.356185873030874,2019-07-02,16,696.0
72,33,-66.41466678397286,18.21569833731172,-71.57124316745634,43.6802370603039,2019-07-02,5,217.0
72,34,-66.41466678397286,18.21569833731172,-74.65561230865505,40.11017985292258,2019-07-02,78,3393.0
72,35,-66.41466678397286,18.21569833731172,-106.1084438818861,34.42130099474041,2019-07-02,1,43.0
72,36,-66.41466678397286,18.21569833731172,-75.59654322164518,42.92123354806042,2019-07-02,228,9919.0
72,37,-66.41466678397286,18.21569833731172,-79.13090891837648,35.52603039243236,2019-07-02,90,3915.0
72,38,-66.41466678397286,18.21569833731172,-100.4693907950372,47.446310421753914,2019-07-02,1,43.0
72,39,-66.41466678397286,18.21569833731172,-82.70937700691621,40.415486910016135,2019-07-02,30,1305.0
72,40,-66.41466678397286,18.21569833731172,-97.50822793037422,35.583464652524235,2019-07-02,17,739.0
72,42,-66.41466678397286,18.21569833731172,-77.83893800628347,40.896700506452106,2019-07-02,109,4742.0
72,44,-66.41466678397286,18.21569833731172,-71.52472355562169,41.59463889844585,2019-07-02,4,174.0
72,45,-66.41466678397286,18.21569833731172,-80.86459715523999,33.87785606967731,2019-07-02,27,1174.0
72,47,-66.41466678397286,18.21569833731172,-86.34341233023729,35.84298014361061,2019-07-02,11,478.0
72,48,-66.41466678397286,18.21569833731172,-99.31712096957119,31.447212191842507,2019-07-02,140,6090.0
72,49,-66.41466678397286,18.21569833731172,-111.67824995489637,39.32376871301901,2019-07-02,3,130.0
72,50,-66.41466678397286,18.21569833731172,-72.66263037415419,44.075248233178044,2019-07-02,5,217.0
72,51,-66.41466678397286,18.21569833731172,-78.66634949421768,37.510873096830124,2019-07-02,258,11224.0
72,53,-66.41466678397286,18.21569833731172,-120.59289987466929,47.41163921872467,2019-07-02,1,43.0
72,55,-66.41466678397286,18.21569833731172,-89.73293305821664,44.63994410730462,2019-07-02,22,957.0
72,72,-66.41466678397286,18.21569833731172,-66.41466678397286,18.21569833731172,2019-07-02,121954,5305867.0
